ID	Fwy	Dir	District	County	City	State_PM	Abs_PM	Latitude	Longitude	Length	Type	Lanes	Name	User_ID_1	User_ID_2	User_ID_3	User_ID_4
801230	10	W	8	71	48788	.591	47.356	34.082004	-117.699964	.845	ML	4	MONTE VISTA	1			
801231	10	W	8	71	48788	.578	47.343	34.081979	-117.700186		OR	2	MONTE VISTA	1			
801232	10	E	8	71	48788	.77	47.535	34.082366	-117.696893	1.031	ML	4	MONTE VISTA	2			
801233	10	E	8	71	48788	.801	47.566	34.082515	-117.696383		OR	2	MONTE VISTA	2			
801234	10	W	8	71	48788	1.168	47.933	34.085065	-117.690768	.66	ML	4	CENTRAL	3			
801236	10	W	8	71	48788	1.148	47.913	34.084928	-117.691072		OR	2	CENTRAL	3			
801237	10	E	8	71	48788	1.361	48.126	34.086174	-117.687669	.569	ML	4	CENTRAL	4			
801238	10	E	8	71	48788	1.361	48.126	34.086174	-117.687669		OR	2	CENTRAL	4			
801239	10	E	8	71	81344	1.908	48.673	34.087191	-117.67832	.573	ML	4	.14 E/O BENSON	5			
801241	10	W	8	71	81344	2.236	49.001	34.087444	-117.672658	.513	ML	4	MOUNTAIN	6			
801242	10	W	8	71	81344	2.236	49.001	34.087444	-117.672658		OR	2	MOUNTAIN	6			
801243	10	E	8	71	81344	2.508	49.273	34.087205	-117.667846	.512	ML	4	MOUNTAIN	7			
801244	10	E	8	71	81344	2.508	49.273	34.087205	-117.667846		OR	2	MOUNTAIN	7			
801245	10	E	8	71	81344	2.932	49.697	34.087226	-117.660445	.549	ML	4	.01 E/O SAN ANTONIO	8			
801248	10	W	8	71	81344	3.544	50.309	34.087474	-117.649739	.611	ML	4	EUCLID LOOP	10			
801249	10	W	8	71	81344	3.545	50.31	34.087474	-117.649722		OR	1	EUCLID LOOP	10			
801250	10	E	8	71	81344	3.605	50.37	34.087268	-117.648702	.613	ML	4	EUCLID	11			
801252	10	E	8	71	81344	3.596	50.361	34.087267	-117.648858		OR	1	EUCLID	11			
801255	10	E	8	71	81344	4.636	51.401	34.082592	-117.632187	.588	ML	4	.25 W/O GROVE	13			
801259	10	W	8	71	53896	5.164	51.929	34.078419	-117.624451	.943	ML	4	4TH ST	15			
801260	10	W	8	71	53896	5.164	51.929	34.078419	-117.624451		OR	2	4TH ST	15			
801261	10	E	8	71	53896	5.335	52.1	34.076808	-117.622187	.81	ML	4	4TH ST	16			
801262	10	E	8	71	53896	5.335	52.1	34.076808	-117.622187		OR	2	4TH ST	16			
801265	10	W	8	71	53896	6.045	52.81	34.071138	-117.611829	.484	ML	4	VINEYARD	18			
801266	10	W	8	71	53896	6.045	52.81	34.071138	-117.611829		OR	1	VINEYARD	18			
801267	10	W	8	71	53896	6.133	52.898	34.070465	-117.610528	.385	ML	4	VINEYARD LOOP	19			
801268	10	W	8	71	53896	6.126	52.891	34.070519	-117.610631		OR	1	VINEYARD LOOP	19			
801269	10	E	8	71	53896	6.257	53.022	34.069468	-117.608734	.822	ML	4	VINEYARD	20			
801270	10	E	8	71	53896	6.299	53.064	34.069226	-117.60806		OR	2	VINEYARD	20			
801271	10	W	8	71	53896	6.8	53.565	34.068056	-117.599428		OR	2	ARCHIBALD	21			
801273	10	E	8	71	53896	6.98	53.745	34.067505	-117.596444		OR	1	HOLT BLVD	22			
801275	10	E	8	71	53896	7.311	54.076	34.067475	-117.590669		OR	3	ARCHIBALD	23			
801277	10	W	8	71	53896	7.788	54.553	34.067702	-117.582357	.204	ML	4	.5 E/O ARCHIBALD	24			
801279	10	W	8	71	53896	8.038	54.803	34.067681	-117.578004	.251	ML	4	HAVEN	25			
801281	10	W	8	71	53896	8.038	54.803	34.067681	-117.578004		OR	2	HAVEN	25			
801282	10	W	8	71	53896	8.29	55.055	34.06767	-117.573615	.475	ML	4	HAVEN LOOP	26			
801283	10	W	8	71	53896	8.228	54.993	34.067676	-117.574695		OR	2	HAVEN LOOP	26			
801284	10	E	8	71	53896	8.288	55.053	34.067448	-117.573649	.217	ML	4	HAVEN	27			
801285	10	E	8	71	53896	8.283	55.048	34.067449	-117.573736		OR	2	HAVEN	27			
801286	10	E	8	71	53896	8.108	54.873	34.06745	-117.576784	.25	ML	4	HAVEN LOOP	28			
801287	10	E	8	71	53896	8.108	54.873	34.06745	-117.576784		OR	2	HAVEN LOOP	28			
801288	10	E	8	71	53896	8.543	55.308	34.067404	-117.569207	.417	ML	4	2000' E/O HAVEN	29			
801290	15	N	8	65	16350	38.926	93.419	33.847078	-117.534347	.816	ML	4	ONTARIO	30			
801292	15	N	8	65	16350	38.926	93.419	33.847078	-117.534347		OR	2	ONTARIO	30			
801301	15	N	8	65	16350	40.508	95.001	33.867871	-117.54329	.615	ML	3	MAGNOLIA	31			
801303	15	N	8	65	16350	40.508	95.001	33.867871	-117.54329		OR	1	MAGNOLIA	31			
801320	15	S	8	65	16350	42.734	97.217	33.896559	-117.55927	1	ML	4	YUMA	32			
801321	15	S	8	65	16350	42.734	97.217	33.896559	-117.55927		OR	2	HIDDEN VALLEY	32			
801323	15	N	8	65	16350	43.023	97.516	33.900788	-117.559985		OR	2	HIDDEN VALLEY	33			
801324	15	S	8	65	51560	43.458	97.941	33.907044	-117.559495	.633	ML	4	2ND	34			
801326	15	S	8	65	51560	43.477	97.96	33.907319	-117.559432		OR	1	2ND	34			
801327	15	N	8	65	51560	43.692	98.185	33.910359	-117.558301	1.076	ML	3	N/O 2nd St	35			
801329	15	N	8	65	51560	43.967	98.46	33.914275	-117.55745	.153	ML	3	0.3 N/O 2ND	36			
801331	15	N	8	65	51560	44.194	98.687	33.917527	-117.556895	.347	ML	3	.08 N/O 3RD ST	37			
801335	15	N	8	65	51560	44.694	99.187	33.924745	-117.556298	.553	ML	3	.02 N/O 4TH ST	38			
801337	60	W	8	71	13210	R1.169	31.766	34.030239	-117.710395	1.664	ML	4	RAMONA	39			
801339	60	W	8	71	13210	R1.182	31.779	34.030255	-117.710169		OR	1	RAMONA	39			
801340	60	E	8	71	13210	R1.485	32.082	34.030056	-117.704815	.731	ML	4	RAMONA	40			
801342	60	E	8	71	13210	R1.485	32.082	34.030056	-117.704815		OR	1	RAMONA	40			
801343	60	W	8	71	13210	R2.165	32.762	34.030386	-117.693001	1.127	ML	4	CENTRAL	41			
801345	60	W	8	71	13210	R2.174	32.771	34.030387	-117.692844		OR	1	CENTRAL	41			
801346	60	E	8	71	13210	R2.542	33.139	34.030152	-117.68643	1.152	ML	4	CENTRAL	42			
801348	60	E	8	71	13210	R2.542	33.139	34.030152	-117.68643		OR	1	CENTRAL	42			
801349	60	W	8	71	13210	R3.422	34.019	34.030502	-117.671087	1.111	ML	4	MOUNTAIN WB ON	43			
801351	60	W	8	71	13210	R3.448	34.045	34.030504	-117.670634		OR	1	MOUNTAIN WB ON	43			
801352	60	E	8	71	13210	R3.789	34.386	34.030268	-117.664687	.724	ML	4	MOUNTAIN	44			
801354	60	E	8	71	13210	R3.789	34.386	34.030268	-117.664687		OR	1	MOUNTAIN	44			
801355	60	W	8	71	13210	R4.387	34.984	34.03055	-117.654217	1.145	ML	4	EUCLID	45			
801357	60	W	8	71	53896	R4.398	34.995	34.03055	-117.654025		OR	1	EUCLID	45			
801358	60	E	8	71	53896	R4.779	35.376	34.03033	-117.647377	.65	ML	4	EUCLID	46			
801360	60	E	8	71	53896	R4.779	35.376	34.03033	-117.647377		OR	1	EUCLID	46			
801361	60	W	8	71	53896	R5.713	36.31	34.030623	-117.631124	1.159	ML	4	GROVE	47			
801363	60	W	8	71	53896	R5.699	36.296	34.030622	-117.631368		OR	2	GROVE	47			
801364	60	E	8	71	53896	R6.039	36.636	34.030392	-117.625446	.882	ML	4	GROVE	48			
801366	60	E	8	71	53896	R6.039	36.636	34.030392	-117.625446		OR	2	GROVE	48			
801367	60	W	8	71	53896	R6.704	37.301	34.03068	-117.61388	1.01	ML	4	VINEYARD	49			
801369	60	W	8	71	53896	R6.694	37.291	34.030679	-117.614054		OR	1	VINEYARD	49			
801370	60	E	8	71	53896	R7.054	37.651	34.03045	-117.607779	1.001	ML	4	VINEYARD	50			
801372	60	E	8	71	53896	R7.054	37.651	34.03045	-117.607779		OR	1	VINEYARD	50			
801373	60	W	8	71	53896	R7.733	38.33	34.0307	-117.595966	1	ML	4	ARCHIBALD	51			
801375	60	W	8	71	53896	R7.707	38.304	34.0307	-117.596418		OR	2	ARCHIBALD	51			
801376	60	E	8	71	53896	R8.043	38.64	34.030487	-117.590566	.638	ML	4	ARCHIBALD	52			
801378	60	E	8	71	53896	R8.061	38.658	34.030485	-117.590253		OR	2	ARCHIBALD	52			
801379	60	W	8	71	53896	R8.704	39.301	34.029996	-117.57913	1.005	ML	4	HAVEN	53			
801381	60	W	8	71	53896	R8.712	39.309	34.029962	-117.578997		OR	2	HAVEN	53			
801383	60	E	8	71	53896	R9.046	39.643	34.028196	-117.57346	1.315	ML	4	HAVEN	54			
801385	60	E	8	71	53896	R9.057	39.654	34.028146	-117.573279		OR	1	HAVEN	54			
801387	60	W	8	71	53896	R9.744	40.341	34.025205	-117.561924	.779	ML	4	MILLIKEN	55			
801389	60	W	8	71	53896	R9.754	40.351	34.025157	-117.56176		OR	1	MILLIKEN	55			
801390	60	E	8	65		R.072	40.627	34.023596	-117.55725	.646	ML	4	MILLIKEN	56			
801392	60	E	8	65		R.072	40.627	34.023596	-117.55725		OR	1	MILLIKEN	56			
801393	60	W	8	65	62000	13.392	53.513	33.942498	-117.277554		OR	1	DAY	57			
801394	60	E	8	65	62000	13.447	53.568	33.942128	-117.276661	1.187	ML	2	DAY	58			
801396	60	E	8	65	62000	13.447	53.568	33.942128	-117.276661		OR	2	DAY	58			
801397	60	W	8	65	62000	14.168	54.289	33.940876	-117.264242	.51	ML	2	PIGEON PASS	59			
801399	60	W	8	65	62000	14.168	54.289	33.940876	-117.264242		OR	2	PIGEON PASS	59			
801400	60	W	8	65	49270	14.412	54.533	33.940948	-117.259999	.499	ML	2	PIGEON PASS  LOOP	60			
801401	60	W	8	65	49270	14.412	54.533	33.940948	-117.259999		OR	1	PIGEON PASS  LOOP	60			
801402	60	E	8	65	49270	14.509	54.63	33.940779	-117.258321	1.024	ML	2	PIGEON PASS	61			
801403	60	E	8	65	49270	14.509	54.63	33.940779	-117.258321		OR	2	PIGEON PASS	61			
801404	60	W	8	65	49270	15.166	55.287	33.941149	-117.246877	.892	ML	2	HEACOCK	62			
801406	60	W	8	65	49270	15.166	55.287	33.941149	-117.246877		OR	2	HEACOCK	62			
801407	60	E	8	65	49270	15.495	55.616	33.941022	-117.241174	1.046	ML	2	HEACOCK	63			
801409	60	E	8	65	49270	15.495	55.616	33.941022	-117.241174		OR	1	HEACOCK	63			
801410	60	W	8	65	49270	16.195	56.316	33.94038	-117.229089	3.014	ML	2	PERRIS	64			
801412	60	W	8	65	49270	16.195	56.316	33.94038	-117.229089		OR	2	PERRIS	64			
801415	91	E	8	65		R.413	37.645	33.871875	-117.665633	.702	ML	4	.41 E/O CO LINE	65			
801416	91	E	8	65		R.413	37.645	33.871875	-117.665633	.702	HV	1	2180' E/O CO LINE	65			
801418	91	W	8	65		R.995	38.313	33.878243	-117.658393	1.716	ML	5	GREEN RIVER	66			
801421	91	W	8	65		R.995	38.313	33.878243	-117.658393		OR	3	GREEN RIVER	66			
801422	91	E	8	65		R1.126	38.358	33.879148	-117.656352	.6	ML	4	GREEN RIVER	67			
801423	91	E	8	65		R1.126	38.358	33.879148	-117.656352	.6	HV	2	GREEN RIVER	67			
801425	91	E	8	65		R1.16	38.392	33.879396	-117.655842		OR	2	GREEN RIVER	67			
801428	91	E	8	65		R1.614	38.846	33.881468	-117.64838	.721	ML	4	.45 W/O RTE 71	68			
801429	91	E	8	65		R1.614	38.846	33.881468	-117.64838	.721	HV	1	2400' W/O RTE 71	68			
801435	91	E	8	65		R2.569	39.801	33.884647	-117.632335	.592	ML	4	RTE 71	70			
801436	91	E	8	65		R2.569	39.801	33.884647	-117.632335	.592	HV	1	RTE 71	70			
801437	91	E	8	65		R2.569	39.801	33.884647	-117.632335		OR	2	RTE 71	70			
801442	91	E	8	65		R3.054	40.286	33.882487	-117.624363	.511	ML	4	.66 W/O SERFAS CL	71			
801443	91	E	8	65		R3.054	40.286	33.882487	-117.624363	.511	HV	1	3500' W/O SERFAS CL	71			
801445	91	W	8	65		R3.555	40.873	33.881196	-117.615867	.765	ML	4	SERFAS CLUB	72			
801446	91	W	8	65		R3.555	40.873	33.881196	-117.615867	.761	HV	1	SERFAS CLUB	72			
801448	91	W	8	65		R3.555	40.873	33.881196	-117.615867		OR	3	SERFAS CLUB	72			
801449	91	E	8	65		R3.822	41.054	33.88042	-117.611284	.65	ML	4	SERFAS CLUB	73			
801450	91	E	8	65		R3.822	41.054	33.88042	-117.611284	.65	HV	1	SERFAS CLUB	73			
801452	91	E	8	65		R3.815	41.047	33.880436	-117.611405		OR	2	SERFAS CLUB	73			
801455	91	W	8	65	16350	4.218	41.648	33.880421	-117.602524	.528	ML	4	MAPLE	74			
801456	91	W	8	65	16350	4.21	41.64	33.880399	-117.60266		OR	2	MAPLE	74			
801457	91	E	8	65	16350	4.241	41.585	33.880347	-117.602096	.395	ML	4	MAPLE	75			
801458	91	E	8	65	16350	4.241	41.585	33.880347	-117.602096	.395	HV	1	MAPLE	75			
801460	91	E	8	65	16350	4.234	41.578	33.880327	-117.602215		OR	2	MAPLE	75			
801464	91	E	8	65	16350	4.75	42.094	33.881713	-117.593399	.501	ML	4	.02 E/O SMITH	76			
801465	91	E	8	65	16350	4.75	42.094	33.881713	-117.593399	.501	HV	1	100' E/O SMITH	76			
801469	91	W	8	65	16350	5.28	42.71	33.882116	-117.584327	.695	ML	4	LINCOLN	77			
801470	91	W	8	65	16350	5.28	42.71	33.882116	-117.584327	.695	HV	1	LINCOLN	77			
801472	91	W	8	65	16350	5.294	42.724	33.882091	-117.584085		OR	3	LINCOLN	77			
801473	91	E	8	65	16350	5.504	42.848	33.881537	-117.580389	.871	ML	4	LINCOLN	78			
801474	91	E	8	65	16350	5.504	42.848	33.881537	-117.580389	.871	HV	1	LINCOLN	78			
801476	91	E	8	65	16350	5.498	42.842	33.881549	-117.580492		OR	2	LINCOLN	78			
801477	91	W	8	65	16350	5.89	43.32	33.881003	-117.573819	.478	ML	4	GRAND	79			
801478	91	W	8	65	16350	5.89	43.32	33.881003	-117.573819	.478	HV	1	GRAND	79			
801480	91	W	8	65	16350	5.899	43.329	33.880985	-117.573664		OR	1	GRAND	79			
801481	91	W	8	65	16350	6.237	43.667	33.88036	-117.567844	.454	ML	4	MAIN	80			
801482	91	W	8	65	16350	6.237	43.667	33.88036	-117.567844	.454	HV	1	MAIN	80			
801484	91	W	8	65	16350	6.241	43.671	33.880353	-117.567775		OR	2	MAIN	80			
801485	91	E	8	65	16350	6.492	43.836	33.879688	-117.563356	.623	ML	4	MAIN	81			
801486	91	E	8	65	16350	6.492	43.836	33.879688	-117.563356	.623	HV	1	MAIN	81			
801487	91	E	8	65	16350	6.457	43.801	33.879761	-117.563959		OR	3	MAIN	81			
801488	91	E	8	65	16350	6.751	44.095	33.879193	-117.558894	.154	ML	4	.09 E/O EAST GRAND	82			
801489	91	E	8	65	16350	6.751	44.095	33.879193	-117.558894	.154	HV	1	500'E/O EAST GRAND	82			
801490	91	W	8	65	16350	9.09	46.52	33.885703	-117.519441	1	ML	3	MCKINLEY	83			
801491	91	W	8	65	16350	9.09	46.52	33.885703	-117.519441	1	HV	1	MCKINLEY	83			
801492	91	W	8	65	16350	9.09	46.52	33.885703	-117.519441		OR	3	MCKINLEY	83			
801493	91	E	8	65	16350	9.23	46.574	33.886508	-117.517184	.425	ML	3	MCKINLEY	84			
801495	91	E	8	65	16350	9.324	46.668	33.887191	-117.515766		OR	1	MCKINLEY	84			
801496	91	W	8	65	62000	10.724	48.154	33.897117	-117.494526	.526	ML	3	PIERCE	85			
801497	91	W	8	65	62000	10.724	48.154	33.897117	-117.494526	.526	HV	1	PIERCE	85			
801498	91	W	8	65	62000	10.638	48.068	33.89671	-117.495937		OR	2	PIERCE	85			
801499	91	W	8	65	62000	11.052	48.482	33.897372	-117.488881	.578	ML	3	MAGNOLIA	86			
801500	91	W	8	65	62000	11.052	48.482	33.897372	-117.488881	.601	HV	1	MAGNOLIA	86			
801501	91	W	8	65	62000	11.052	48.482	33.897372	-117.488881		OR	1	MAGNOLIA	86			
801502	91	E	8	65	62000	11.219	48.563	33.896796	-117.485867	1.096	ML	3	MAGNOLIA	87			
801503	91	E	8	65	62000	11.219	48.563	33.896796	-117.485867	1.082	HV	1	MAGNOLIA	87			
801504	91	E	8	65	62000	11.219	48.563	33.896796	-117.485867		OR	1	MAGNOLIA	87			
801505	91	W	8	65	62000	11.88	49.31	33.899363	-117.475206	.724	ML	3	LA SIERRA	88			
801507	91	W	8	65	62000	11.894	49.324	33.899464	-117.474994		OR	2	LA SIERRA	88			
801508	91	E	8	65	62000	12.176	49.52	33.900809	-117.4703		OR	2	LA SIERRA	89			
801509	91	E	8	65	62000	12.192	49.536	33.900862	-117.470028	.64	ML	3	LA SIERRA	89			
801511	91	W	8	65	62000	12.907	50.337	33.905268	-117.458919	.738	ML	3	TYLER	90			
801513	91	W	8	65	62000	12.923	50.353	33.905397	-117.458688		OR	2	TYLER	90			
801514	91	E	8	65	62000	13.179	50.523	33.907347	-117.45486		OR	2	TYLER	91			
801515	91	E	8	65	62000	13.196	50.54	33.907487	-117.454615	.798	ML	3	TYLER	91			
801517	91	W	8	65	62000	13.977	51.407	33.914026	-117.443515	.697	ML	3	VAN BUREN	92			
801519	91	W	8	65	62000	14.016	51.446	33.914346	-117.442954		OR	2	VAN BUREN	92			
801520	91	E	8	65	62000	14.096	51.44	33.914872	-117.441676	.759	ML	3	VAN BUREN	93			
801522	91	E	8	65	62000	14.232	51.576	33.915986	-117.439721		OR	2	VAN BUREN	93			
801523	91	E	8	65	62000	14.714	52.058	33.919915	-117.432776	.809	ML	4	.11 E/O JACKSON	94			
801527	91	W	8	65	62000	15.556	52.986	33.926926	-117.42083	1.145	ML	3	ADAMS	96			
801529	91	W	8	65	62000	15.556	52.986	33.926926	-117.42083		OR	2	ADAMS	96			
801530	91	E	8	65	62000	15.713	53.057	33.928077	-117.418405	.766	ML	3	ADAMS	97			
801532	91	E	8	65	62000	15.713	53.057	33.928077	-117.418405		OR	2	ADAMS	97			
801533	91	E	8	65	62000	16.247	53.591	33.932457	-117.410737	.519	ML	3	.09 E/O JEFFERSON	98			
801535	91	W	8	65	62000	16.59	54.02	33.935381	-117.405979	1.084	ML	3	MADISON	99			
801537	91	W	8	65	62000	16.581	54.011	33.935308	-117.406109		OR	2	MADISON	99			
801538	91	E	8	65	62000	16.751	54.095	33.936564	-117.403479	.515	ML	3	MADISON	100			
801540	91	E	8	65	62000	16.756	54.1	33.936604	-117.403407		OR	2	MADISON	100			
801541	91	E	8	65	62000	17.278	54.622	33.941008	-117.396017	.595	ML	3	3000' W/O ARLINGTON	101			
801543	91	W	8	65	62000	17.724	55.154	33.945336	-117.390312	.879	ML	3	ARLINGTON WB ON	102			
801545	91	W	8	65	62000	17.712	55.142	33.945222	-117.39047		OR	2	ARLINGTON	102			
801546	91	E	8	65	62000	17.943	55.287	33.947366	-117.387307	.621	ML	3	ARLINGTON	103			
801548	91	E	8	65	62000	17.94	55.284	33.947336	-117.387345		OR	2	ARLINGTON	103			
801549	91	W	8	65	62000	18.347	55.777	33.952735	-117.384542	.738	ML	3	CENTRAL	104			
801551	91	W	8	65	62000	18.342	55.772	33.95267	-117.38458		OR	2	CENTRAL WB ON	104			
801552	91	E	8	65	62000	18.522	55.866	33.954619	-117.382511	.628	ML	3	CENTRAL EB ON	105			
801554	91	E	8	65	62000	18.536	55.88	33.95476	-117.382336		OR	2	CENTRAL	105			
801559	91	W	8	65	62000	19.899	57.329	33.972548	-117.374122	.575	ML	3	14TH WB ON	108			
801561	91	W	8	65	62000	19.882	57.312	33.97233	-117.37426		OR	2	14TH	108			
801562	91	E	8	65	62000	20.076	57.42	33.974743	-117.372535	.607	ML	3	14TH EB ON	109			
801564	91	E	8	65	62000	20.076	57.42	33.974743	-117.372535		OR	2	14TH EB ON	109			
801565	91	W	8	65	62000	20.352	57.782	33.9786	-117.371206	.787	ML	3	9TH WB ON	110			
801567	91	W	8	65	62000	20.352	57.782	33.9786	-117.371206		OR	2	9TH WB ON	110			
801577	215	N	8	65	62000	38.627	30.601	33.948414	-117.301477	3.008	ML	4	BOX SPRINGS	114			
801579	215	N	8	65	62000	38.644	30.618	33.948617	-117.301652		OR	2	BOX SPRINGS	114			
801580	215	N	8	65		39.643	31.617	33.960303	-117.311575	.877	ML	3	CENTRAL /WATKINS	115			
801582	215	N	8	65		39.665	31.639	33.960419	-117.311928		OR	2	CENTRAL /WATKINS	115			
801586	215	N	8	65	62000	41.575	33.549	33.976598	-117.336172	.931	ML	4	UNIVERSITY	117			
801588	215	N	8	65	62000	41.581	33.555	33.976663	-117.33624		OR	2	UNIVERSITY	117			
801589	215	N	8	65	62000	42.245	34.219	33.983955	-117.343692	1.198	ML	5	BLAINE	118			
801591	215	N	8	65	62000	42.245	34.219	33.983955	-117.343692		OR	2	BLAINE	118			
801595	215	N	8	65	62000	43.97	35.944	34.002169	-117.351318	2.318	ML	3	COLUMBIA WB ON	120			
801597	215	N	8	65	62000	43.97	35.944	34.002169	-117.351318		OR	2	COLUMBIA NB ON	120			
805627	15	S	8	71	53896	.824	107.588	34.045432	-117.550418	1.276	ML	4	JURUPA				
805629	15	S	8	71	53896	.765	107.529	34.044576	-117.550436		OR	2	JURUPA				
805631	15	N	8	71	53896	1.197	107.971	34.050735	-117.548828	1.473	ML	5	JURUPA				
805633	15	N	8	71	53896	1.229	108.003	34.051171	-117.54864		OR	2	JURUPA				
805941	215	N	8	71	14890	4.1	41.407	34.064776	-117.29615	1.893	ML	3	.09 N/O I 10	7282151			
805950	215	S	8	71	65000	6.683	43.99	34.101134	-117.301938		OR	1	SECOND ST SB ON	7282159			
805951	215	N	8	71	65000	6.919	44.226	34.104527	-117.301936		OR	1	SECOND ST NB ON	72821510			
805952	215	S	8	71	65000	6.935	44.242	34.104757	-117.302304		OR	1	4TH ST SB ON	72821511			
805954	215	S	8	71	65000	6.683	43.99	34.101134	-117.301938	1.409	ML	4	SECOND ST  SB  ON	7282159			
805955	215	S	8	71	65000	6.935	44.242	34.104757	-117.302304	.091	ML	4	4TH ST SB  ON	72821511			
806034	215	N	8	71	65000	6.683	43.99	34.101122	-117.30177	1.409	ML	3	SECOND ST SB ON	7282159			
806035	215	S	8	71	65000	6.919	44.226	34.104531	-117.302245	.126	ML	3	SECOND ST NB ON	72821510			
806037	215	S	8	71	65000	7.102	44.409	34.107124	-117.302893	2.583	ML	3	4TH ST NB ON	72821512			
806040	215	N	8	71	65000	6.919	44.226	34.104527	-117.301936	.209	ML	3	SECOND ST NB ON	72821510			
806041	215	N	8	71	65000	7.102	44.409	34.107149	-117.302359	2.591	ML	3	4TH ST NB ON	72821512			
806048	10	W	8	71	48788	1.168	47.933	34.085065	-117.690768	.66	HV	1	CENTRAL	3			
806068	10	W	8	71	48788	.591	47.356	34.082004	-117.699964	.845	HV	1	MONTE VISTA	1			
806108	10	E	8	71	53896	8.108	54.873	34.06745	-117.576784	.216	HV	1	HAVEN LOOP	28			
806176	15	N	8	65		39.431	93.924	33.854227	-117.535177	.383	ML	4	.01 N/O Temescal OC	132			
806191	15	N	8	65		39.693	94.186	33.858025	-117.535704	.17	ML	4	.25 N/O Old Temescal	133			
806212	15	N	8	65		41	95.493	33.874862	-117.545196	.253	ML	4	.5 N/O MAGNOLIA	134			
806218	15	N	8	65		41.015	95.508	33.875086	-117.545245	.229	ML	4	100 FT S/O CORONA OC	135			
806224	15	N	8	65	16350	41.458	95.951	33.881283	-117.546824	.399	ML	3	.19 S/O Jct 15/91	136			
806266	91	W	8	65	62000	16.588	54.018	33.935365	-117.406008	3.011	HV	1	MADISON	99			
806288	10	E	8	71	48788	.721	47.486	34.082149	-117.697705	.996	HV	1	MONTE VISTA	2			
806348	60	W	8	71	53896	R9.744	40.341	34.025205	-117.561924	.779	HV	1	MILLIKEN	55			
806367	60	W	8	71	53896	R8.704	39.301	34.029996	-117.57913	1.021	HV	1	HAVEN	53			
806370	60	E	8	71	53896	R9.067	39.664	34.0281	-117.573115	1.304	HV	1	HAVEN	54			
806388	60	E	8	65		R.072	40.627	34.023596	-117.55725	2.527	HV	1	MILLIKEN	56			
806391	60	E	8	71	53896	R8.071	38.668	34.030485	-117.590079	.633	HV	1	ARCHIBALD	52			
806394	60	W	8	71	53896	R7.702	38.299	34.0307	-117.596505	1.011	HV	1	ARCHIBALD	51			
806397	60	W	8	71	53896	R6.682	37.279	34.030678	-117.614263	1.01	HV	1	VINEYARD	49			
806400	60	E	8	71	53896	R7.063	37.66	34.03045	-117.607622	1.01	HV	1	VINEYARD	50			
806403	60	W	8	71	53896	R5.682	36.279	34.030622	-117.631663	1.147	HV	1	GROVE	47			
806406	60	E	8	71	53896	R6.05	36.647	34.030393	-117.625254	.886	HV	1	GROVE	48			
806425	60	W	8	71	13210	R4.387	34.984	34.03055	-117.654217	1.13	HV	1	EUCLID	45			
806428	60	E	8	71	53896	R4.766	35.363	34.03033	-117.647603	.65	HV	1	EUCLID	46			
806447	60	E	8	71	13210	R3.773	34.37	34.030267	-117.664967	.729	HV	1	MOUNTAIN	44			
806467	60	W	8	71	13210	R3.422	34.019	34.030502	-117.671087	1.111	HV	1	MOUNTAIN	43			
806470	60	W	8	71	13210	R2.165	32.762	34.030386	-117.693001	1.127	HV	1	CENTRAL	41			
806473	60	E	8	71	13210	R2.531	33.128	34.030151	-117.686621	1.153	HV	1	CENTRAL	42			
806476	60	E	8	71	13210	R1.467	32.064	34.030054	-117.705128	.725	HV	1	RAMONA	40			
806479	60	W	8	71	13210	R1.169	31.766	34.030239	-117.710395	1.664	HV	1	RAMONA	39			
806489	10	E	8	71	81344	2.387	49.152	34.087182	-117.669959	.512	HV	1	MOUNTAIN	7			
806510	10	E	8	71	48788	1.342	48.107	34.086058	-117.68797	.595	HV	1	CENTRAL	4			
806525	10	E	8	71	81344	1.912	48.677	34.087192	-117.67825	.523	HV	1	750' E/O BENSON	5			
806574	10	W	8	71	53896	6.814	53.579	34.068037	-117.59919	.748	ML	4	ARCHIBALD	21			
806575	10	W	8	71	53896	6.814	53.579	34.068037	-117.59919	.754	HV	1	ARCHIBALD	21			
806576	10	W	8	71	53896	6.122	52.887	34.070549	-117.61069	.384	HV	1	VINEYARD LOOP	19			
806577	10	W	8	71	53896	5.211	51.976	34.078035	-117.62377	.942	HV	1	4TH ST	15			
806578	10	E	8	71	81344	4.636	51.401	34.082592	-117.632187	.566	HV	1	.25 W/O GROVE	13			
806579	10	E	8	71	81344	3.596	50.361	34.087267	-117.648858	.611	HV	1	EUCLID	11			
806580	10	W	8	71	81344	2.255	49.02	34.087447	-117.672326	.512	HV	1	MOUNTAIN	6			
806581	10	W	8	71	81344	3.545	50.31	34.087474	-117.649722	.611	HV	1	EUCLID LOOP	10			
806584	10	E	8	71	53896	5.292	52.057	34.077163	-117.622804	.811	HV	1	4TH ST	16			
806585	10	W	8	71	53896	6.045	52.81	34.071138	-117.611829	.456	HV	1	VINEYARD	18			
806586	10	E	8	71	53896	6.257	53.022	34.069468	-117.608734	.843	HV	1	VINEYARD	20			
806606	10	W	8	71	53896	8.078	54.843	34.067681	-117.577307	.22	HV	1	HAVEN	25			
806611	10	W	8	71	53896	8.228	54.993	34.067676	-117.574695	2.575	HV	1	HAVEN LOOP	26			
806612	10	E	8	71	53896	8.22	54.985	34.067456	-117.574833	.218	HV	1	HAVEN	27			
806614	91	E	8	65	62000	13.064	50.408	33.906407	-117.456517	.798	HV	1	TYLER	91			
806616	91	W	8	65	62000	13.011	50.441	33.906107	-117.457413	.783	HV	1	TYLER	90			
806617	10	W	8	71	53896	7.788	54.553	34.067702	-117.582357	.224	HV	1	.5 MI E/O ARCHIBALD	24			
806674	91	E	8	65	16350	9.15	46.494	33.885934	-117.518393	.55	ML	3	MCKINLEY LOOP ON	137			
806675	91	E	8	65	16350	9.15	46.494	33.885934	-117.518393		OR	2	MCKINLEY LOOP ON	137			
806676	91	E	8	65	16350	9.15	46.494	33.885934	-117.518393	.55	HV	1	MCKINLEY LOOP ON	137			
806751	10	E	8	71	53896	7.292	54.057	34.067476	-117.591	.325	ML	4	ARCHIBALD	23			
806765	10	E	8	71	53896	7.292	54.057	34.067476	-117.591	.325	HV	1	ARCHIBALD	23			
806773	10	E	8	71	53896	6.98	53.745	34.067505	-117.596444	.517	HV	1	HOLT BLVD	22			
806774	10	E	8	71	53896	6.98	53.745	34.067505	-117.596444	.517	ML	4	HOLT BLVD	22			
806890	215	S	8	71	14890	4.1	41.407	34.06482	-117.296615	1.893	ML	3	.09 N/O I-10	7282160			
806933	10	W	8	71	81344	1.912	48.677	34.087372	-117.678335	.534	ML	4	.14 E/O Benson	7282161			
806934	10	W	8	71	81344	1.912	48.677	34.087372	-117.678335	.544	HV	1	750' E/o Benson	7282161			
806945	10	E	8	71	81344	2.937	49.702	34.087226	-117.660358	.604	HV	1	50' E/O SAN ANTONIO	8			
806952	10	W	8	71	81344	2.937	49.702	34.08742	-117.660375	.653	ML	4	.01 E/O San Antonio	7282162			
806953	10	W	8	71	81344	2.937	49.702	34.08742	-117.660375	.645	HV	1	50' E/O San Antonio	7282162			
807011	10	E	8	71	53896	7.788	54.553	34.067452	-117.58236	.239	ML	4	.5 E/O Archibald	7282165			
807025	10	E	8	71	53896	7.788	54.553	34.067452	-117.58236	.239	HV	1	.5 Mi E/o Archibald	7282165			
807228	91	W	8	65	16350	4.21	41.64	33.880399	-117.60266	.528	HV	1	MAPLE	74			
807246	91	E	8	65	16350	9.23	46.574	33.886508	-117.517184	.425	HV	1	MCKINLEY	84			
807270	91	W	8	65	62000	11.927	49.357	33.899702	-117.474495	.724	HV	1	LA SIERRA	88			
807271	91	E	8	65	62000	12.165	49.509	33.900773	-117.470486	.641	HV	1	LA SIERRA	89			
807272	91	W	8	65	62000	14.067	51.497	33.914763	-117.442219	.645	HV	1	VAN BUREN	92			
807285	91	E	8	65	62000	14.096	51.44	33.914872	-117.441676	.825	HV	1	VAN BUREN	93			
807286	91	E	8	65	62000	14.714	52.058	33.919915	-117.432776	.805	HV	1	600' E/O JACKSON	94			
807306	91	W	8	65	62000	15.565	52.995	33.926999	-117.4207	1.144	HV	1	ADAMS	96			
807325	91	E	8	65	62000	15.706	53.05	33.928019	-117.418505	1.018	HV	1	ADAMS	97			
807345	91	E	8	65	62000	16.751	54.095	33.936564	-117.403479	.785	HV	1	MADISON	100			
807365	91	E	8	65	62000	17.278	54.622	33.941008	-117.396017	2.763	HV	1	3000' W/O ARLINGTON	101			
807790	15	N	8	65	51560	45.93	100.423	33.942641	-117.555355	.307	ML	3	.25 N/O 6th ST.	7286175			
807804	15	N	8	65		47.43	101.923	33.963182	-117.548717	.955	ML	3	.75 S/O Limeonite	7286177			
807811	15	N	8	65		49.22	103.713	33.989044	-117.549521	.56	ML	3	.25 N/O Limeonite	7286180			
807818	15	N	8	65		50.841	105.334	34.012446	-117.550091	1	ML	3	.4 S/O 15/60 IC	7286181			
807830	91	E	8	65	62000	20.603	57.947	33.981346	-117.368357	.392	ML	4	7th/Mission Inn	7286182			
807897	15	S	8	65		48.08	102.563	33.972586	-117.549004	.955	ML	3	SB Limeonite ONR	7286184			
807898	15	S	8	65		48.08	102.563	33.972586	-117.549004		OR	2	SB Limeonite ONR	7286184			
808109	15	N	8	65		48.4	102.893	33.977209	-117.548729	.51	ML	3	LIMEONITE NB ON	7286185			
808131	15	N	8	71	53896	2	108.774	34.061786	-117.544797	.7	ML	4	AT AIRPORT DR	7286186			
808191	15	S	8	65	51560	45.675	100.158	33.938948	-117.556054	.494	ML	3	6 TH ST SB	7286187			
808210	15	N	8	65	51560	45.675	100.168	33.938958	-117.555693	.315	ML	3	6TH ST NB ONR	7286188			
808232	15	S	8	71	59451	5	111.764	34.10328	-117.536081	.55	ML	4	FOOTHILL SB	7286189			
808254	15	S	8	71	59451	5.1	111.864	34.104298	-117.534863	.35	ML	4	FOOTHILL LOOP SB	7286190			
808273	15	N	8	71	59451	5.2	111.974	34.105099	-117.533364	.799	ML	4	FOOTHILL NB	7286191			
808292	15	N	8	71	59451	6	112.774	34.113314	-117.523425	.678	ML	4	ETIWANDA/MILLER	7286192			
808325	15	S	8	71	59451	9.24	116.004	34.146975	-117.483396	1.031	ML	4	BASELINE SB	7286193			
808354	15	S	8	65		41	95.483	33.874775	-117.54559	.622	ML	4	.5 N/O MAGNOLIA	7286174			
808372	15	N	8	71	59451	9.42	116.194	34.148611	-117.480879	.603	ML	4	15 S/O SUMMIT	7286194			
808392	15	N	8	71	24680	10.5	117.274	34.159548	-117.467658	.65	ML	4	DUNCAN CANYON	7286195			
808412	15	S	8	71		12.07	118.834	34.174712	-117.447638	.55	ML	4	SIERRA	7286196			
808452	15	N	8	71		12.17	118.944	34.175282	-117.445776	.55	ML	4	SIERRA NB ON	7286197			
808474	15	N	8	71		12.8	119.574	34.180958	-117.437227	.25	ML	4	LYTLE CREEK BRIDGE	7286198			
808512	15	N	8	71		13	119.774	34.183069	-117.434865	.435	ML	4	1.0 S/O GLEN HELEN	7286199			
808574	15	N	8	71		13.67	120.444	34.189763	-117.426335	.35	ML	3	GLEN HELEN PKWY	7286200			
808584	15	N	8	71		14.2	120.974	34.195059	-117.419623	.325	ML	3	N/O GLEN HELEN PKWY	7286201			
808616	15	S	8	65		41.015	95.498	33.875016	-117.545645	.229	ML	3	JCT 15/91	7286203			
808622	15	N	8	65	16350	41.813	96.306	33.885735	-117.549836	1.116	ML	4	500' S/O PARKRIDGE	7286204			
808631	15	S	8	65	16350	41.458	95.941	33.881192	-117.54713	.859	ML	4	PARKRIDGE OC	7286205			
808670	15	S	8	65		39.431	93.914	33.854163	-117.535583	.227	ML	4	N/O OLD TEMESCAL	7286207			
808690	15	S	8	65		39.693	94.176	33.857914	-117.536136	.17	ML	4	OLD TEMESCAL RD	7286208			
808808	15	S	8	65		39.239	93.722	33.851494	-117.534879	.815	ML	4	0.4 N/O ONTARIO AVE.	7282166			
808909	15	N	8	65		49.85	104.343	33.99811	-117.550128	.29	ML	3	1.0 S/O 15/60 IC				
808916	15	N	8	65		52.27	106.763	34.033324	-117.550033	.122	ML	5	PHILADELPHIA UC				
808945	60	W	8	65	62000	13.392	53.513	33.942498	-117.277554	1.104	ML	2	DAY	57			
808969	210	W	8	71	81344	6.8	59.239	34.13609	-117.577842	1.05	ML	3	W/B HAVEN ONR	7286210			
808988	210	E	8	71	81344	7	59.439	34.136045	-117.574367	.7	HV	1	E/B HAVEN ONR	7286211			
808993	210	E	8	71	81344	7.4	59.839	34.136384	-117.567407	.5	ML	3	.5 W/O MILLIKEN	7286209			
808994	210	E	8	71	81344	7.4	59.839	34.136384	-117.567407	.5	HV	1	.5 M W/O MILLIKEN	7286209			
808998	210	W	8	71	81344	7.8	60.239	34.13678	-117.560431	1	ML	3	W/B MILLIKEN ONR	7286212			
809011	210	W	8	71	81344	7.8	60.239	34.13678	-117.560431	1	HV	1	W/B MILLIKEN ONR	7286212			
809012	210	W	8	71	81344	7.8	60.239	34.13678	-117.560431		OR	2	W/B MILLIKEN ONR	7286212			
809021	210	E	8	71	81344	7	59.439	34.136045	-117.574367		OR	2	E/B HAVEN ONR	7286211			
809022	210	E	8	71	81344	7	59.439	34.136045	-117.574367	.7	ML	3	E/B HAVEN ONR	7286211			
809036	210	E	8	71	81344	8	60.439	34.136461	-117.556942	.65	ML	3	E/B MILLIKEN ONR	7286213			
809037	210	E	8	71	81344	8	60.439	34.136461	-117.556942		OR	2	E/B MILLIKEN ONR	7286213			
809038	210	E	8	71	81344	8	60.439	34.136461	-117.556942	.65	HV	1	E/B MILLIKEN ONR	7286213			
809047	210	W	8	71	81344	6.8	59.239	34.13609	-117.577842		OR	2	W/B HAVEN ONR	7286210			
809048	210	W	8	71	81344	6.8	59.239	34.13609	-117.577842	1.05	HV	1	W/B HAVEN ONR	7286210			
809070	210	E	8	71	59451	8.7	61.139	34.136398	-117.544728	.4	ML	3	.75 E/O MILLIKEN	7286214			
809071	210	E	8	71	59451	8.7	61.139	34.136398	-117.544728	.4	HV	1	.75 M E/O MILLIKEN	7286214			
809098	210	W	8	71	59451	8.8	61.239	34.13666	-117.542984	.8	HV	1	DAY CREEK WB ON	7286215			
809099	210	W	8	71	59451	8.8	61.239	34.13666	-117.542984		OR	2	DAY CREEK WB ON	7286215			
809100	210	W	8	71	59451	8.8	61.239	34.13666	-117.542984	.8	ML	3	DAY CREEK WB ON	7286215			
809115	210	E	8	71	59451	9.4	61.839	34.136302	-117.532518	.6	HV	1	DAY CREEK E/B ON	7286216			
809116	210	E	8	71	59451	9.4	61.839	34.136302	-117.532518		OR	2	DAY CREEK E/B ON	7286216			
809117	210	E	8	71	59451	9.4	61.839	34.136302	-117.532518	.6	ML	3	DAY CREEK E/B ON	7286216			
809125	210	E	8	71	59451	10	62.439	34.136243	-117.52205	1.131	HV	1	.6M E/O DAY CREEK	7286217			
809126	210	E	8	71	59451	10	62.439	34.136243	-117.52205	.863	ML	3	.6 E/O DAY CREEK	7286217			
809171	210	E	8	71	81344	5.1	57.539	34.134954	-117.607455	.65	HV	1	.4M E/O CARNELIAN	7286218			
809187	210	W	8	71	81344	5.7	58.139	34.135225	-117.596997	1.15	HV	1	W/B ARCHIBALD ONR	7286219			
809188	210	W	8	71	81344	5.7	58.139	34.135225	-117.596997	1.15	ML	3	W/B ARCHIBALD ONR	7286219			
809189	210	W	8	71	81344	5.7	58.139	34.135225	-117.596997		OR	2	W/B ARCHIBALD ONR	7286219			
809201	210	E	8	71	81344	6	58.439	34.135048	-117.591753	.95	HV	1	E/B ARCHIBALD ONR	7286220			
809202	210	E	8	71	81344	6	58.439	34.135048	-117.591753	1.15	ML	3	E/B ARCHIBALD ONR	7286220			
809203	210	E	8	71	81344	6	58.439	34.135048	-117.591753		OR	2	E/B ARCHIBALD ONR	7286220			
809236	210	W	8	71	13756	R3.3	55.739	34.135077	-117.638878	1.55	HV	1	W/B CAMPUS	7286222			
809237	210	W	8	71	13756	R3.3	55.739	34.135077	-117.638878		OR	2	W/B CAMPUS ONR	7286222			
809238	210	W	8	71	13756	R3.3	55.739	34.135077	-117.638878	1.55	ML	3	W/B CAMPUS	7286222			
809250	210	E	8	71	81344	3.6	56.039	34.134867	-117.633626	.8	HV	1	E/B CAMPUS	7286223			
809251	210	E	8	71	81344	3.6	56.039	34.134867	-117.633626		OR	2	E/B CAMPUS ONR	7286223			
809252	210	E	8	71	81344	4.1	56.539	34.134923	-117.624903	.55	ML	3	E/B CAMPUS	7286223			
809258	210	E	8	71	81344	4.1	56.539	34.134923	-117.624903	.55	HV	1	.5 M E/O CAMPUS	7286224			
809259	210	E	8	71	81344	3.6	56.039	34.134867	-117.633626	.8	ML	3	.5 E/O CAMPUS	7286224			
809271	210	W	8	71	81344	4.5	56.939	34.135159	-117.617941	1.2	HV	1	W/B CARNELIAN	7286225			
809272	210	W	8	71	81344	4.5	56.939	34.135159	-117.617941		OR	2	W/B CARNELIAN ONR	7286225			
809273	210	W	8	71	81344	4.5	56.939	34.135159	-117.617941	1.2	ML	3	W/B CARNELIAN	7286225			
809285	210	E	8	71	81344	R4.7	57.139	34.13488	-117.614434	.5	HV	1	E/B CARNELIAN	7286226			
809286	210	E	8	71	81344	R4.7	57.139	34.13488	-117.614434		OR	2	E/B CARNELIAN ONR	7286226			
809287	210	E	8	71	81344	R4.7	57.139	34.13488	-117.614434	.95	ML	3	E/B CARNELIAN	7286226			
809293	210	E	8	71	13756	.1	52.539	34.124085	-117.691242	.239	HV	1	.1 E/O CO LINE	7286227			
809294	210	E	8	71	13756	.1	52.539	34.124085	-117.691242	.239	ML	3	.1 E/O CO LINE	7286227			
809300	210	E	8	71	13756	.5	52.939	34.128716	-117.68609	.45	HV	1	.5 M E/O COUNTY LINE	7286228			
809301	210	E	8	71	13756	.5	52.939	34.128716	-117.68609	.45	ML	3	.5 E/O COUNTY LINE	7286228			
809307	210	E	8	71	13756	1	53.439	34.133268	-117.678724	.55	HV	1	1 M E/O CO LINE	7286229			
809308	210	E	8	71	13756	1	53.439	34.133268	-117.678724	.55	ML	4	1 M E/O CO LINE	7286229			
809320	210	W	8	71	13756	1.4	53.839	34.13449	-117.671995	2.289	HV	1	W/B MOUNTAIN AVE	7286230			
809321	210	W	8	71	13756	1.4	53.839	34.13449	-117.671995		OR	2	W/B MOUNTAIN AVE	7286230			
809322	210	W	8	71	13756	1.4	53.839	34.13449	-117.671995	2.289	ML	3	W/B MOUNTAIN AVE	7286230			
809334	210	E	8	71	13756	1.6	54.039	34.134363	-117.668476	.5	HV	1	E/B MOUNTAIN AVE	7286231			
809335	210	E	8	71	13756	1.6	54.039	34.134363	-117.668476		OR	2	E/B MOUNTAIN AVE ONR	7286231			
809336	210	E	8	71	13756	1.6	54.039	34.134363	-117.668476	.5	ML	4	E/B MOUNTAIN AVE	7286231			
809342	210	E	8	71	13756	2	54.439	34.134219	-117.661517	.45	HV	1	.4 M E/O MOUNTAIN	7286232			
809343	210	E	8	71	13756	2	54.439	34.134219	-117.661517	.45	ML	4	.4 M E/O MOUNTAIN	7286232			
809349	210	E	8	71	13756	2.5	54.939	34.134701	-117.652818	.8	HV	1	.9 M E/O MOUNTAIN	7286233			
809350	210	E	8	71	13756	2.5	54.939	34.134701	-117.652818	.8	ML	3	.9 E/O MOUNTAIN	7286233			
809477	15	S	8	71	53896	3	109.764	34.076309	-117.545031		OR	2	4TH  ST SB LOOP ONR				
809485	15	S	8	71	53896	3	109.764	34.076309	-117.545031	1.1	ML	5	4TH  ST SB LOOP ONR				
809497	15	N	8	71	59451	3.2	109.974	34.079216	-117.544634		OR	2	4TH ST NB ONR				
809498	15	N	8	71	59451	3.2	109.974	34.079216	-117.544634	.75	ML	5	4TH ST NB ONR				
809912	60	E	8	71	13210	.38	30.977	34.0259	-117.723013	.4	ML	4	END AVE				
809925	60	E	8	71	13210	.38	30.977	34.0259	-117.723013	.4	HV	1	END AVE				
809952	60	E	8	71	13210	1.08	31.677	34.02986	-117.711844	.553	ML	4	PIPELINE				
809953	60	E	8	71	13210	1.08	31.677	34.02986	-117.711844	.543	HV	1	PIPELINE				
809968	60	E	8	71	13210	3.99	34.587	34.030289	-117.661169	.494	ML	4	SAN ANTONIO				
809969	60	E	8	71	13210	3.99	34.587	34.030289	-117.661169	.496	HV	1	SAN ANTONIO				
809977	60	E	8	71	53896	5.29	35.887	34.030369	-117.638482	.629	ML	4	CAMPUS				
809978	60	E	8	71	53896	5.29	35.887	34.030369	-117.638482	.642	HV	1	CAMPUS				
809986	60	E	8	71	53896	8.33	38.927	34.03051	-117.585573	.501	ML	4	DEER CREEK				
809987	60	E	8	71	53896	8.33	38.927	34.03051	-117.585573	.498	HV	1	DEER CREEK				
810110	91	E	8	65	62000	19.39	56.734	33.965736	-117.377319	.438	ML	3	91@Pachappa Dr. IDS				
810117	15	N	8	71	59451	7.056	113.83	34.124173	-117.510215	.775	ML	4	15 N/O BASELINE IDS				
810124	15	N	8	71	59451	8.46	115.234	34.138786	-117.492723	.55	ML	4	S/O 15/210 IC				
810131	15	N	8	71	59451	8.65	115.424	34.140762	-117.490347	.48	ML	4	N/O 15/210 IC				
810142	15	S	8	71	24680	9.651	116.415	34.151077	-117.478415		OR	1	15@SUMMIT SB				
810143	15	S	8	71	24680	9.651	116.415	34.151077	-117.478415	.429	ML	4	15@SUMMIT SB				
810165	15	N	8	71	24680	9.857	116.631	34.153033	-117.475525	.339	ML	4	15 N/O SUMMIT AVE				
810190	15	N	8	71	59451	4.101	110.875	34.09224	-117.5437	.599	ML	4	15 N/O FOURTH ST				
810210	210	E	8	71	59451	11.125	63.564	34.136204	-117.502369	.831	ML	4	.5 E/O CHERRY IDS				
810230	210	W	8	71	24680	13.16	65.599	34.136825	-117.466807	.684	ML	4	.5 W/O CITRUS IDS				
810244	210	E	8	71	24680	11.663	64.102	34.13621	-117.492893		OR	2	210@CHERRY				
810245	210	E	8	71	24680	11.663	64.102	34.13621	-117.492893	.321	ML	3	210@CHERRY				
810259	210	W	8	71	24680	12.148	64.587	34.136485	-117.484369	1.446	ML	3	210@CHERRY WB				
810266	210	W	8	71	24680	12.291	64.73	34.136499	-117.481887	.506	ML	4	210 W/B 15 IC IDS				
810273	210	E	8	71	24680	11.94	64.379	34.136208	-117.487983	.191	ML	3	.25 E/O 210/15 IC				
810280	210	E	8	71	24680	11.766	64.205	34.13623	-117.491062	.138	ML	4	.5 E/O 15/210 IC				
810315	60	E	8	65	49270	16.602	56.723	33.939193	-117.222169		OR	1	PERRIS EB ONR				
810316	60	E	8	65	49270	16.602	56.723	33.939193	-117.222169	3.053	ML	2	PERRIS EB ONR				
810345	10	E	8	71	53896	8.543	55.308	34.067404	-117.569207	2.661	HV	1	2000' E/O HAVEN	29			
810369	60	E	8	65	49270	14.509	54.63	33.940779	-117.258321	1.024	HV	1	PIGEON PASS	61			
810370	60	E	8	65	62000	13.447	53.568	33.942128	-117.276661	1.187	HV	1	DAY	58			
810371	60	E	8	65	49270	16.602	56.723	33.939193	-117.222169	3.053	HV	1	PERRIS EB ONR				
810372	60	E	8	65	49270	15.495	55.616	33.941022	-117.241174	1.046	HV	1	HEACOCK	63			
810373	60	W	8	65	49270	14.412	54.533	33.940948	-117.259999	.499	HV	1	PIGEON PASS  LOOP	60			
810379	60	W	8	65	62000	14.168	54.289	33.940876	-117.264242	.51	HV	1	PIGEON PASS	59			
810380	60	W	8	65	62000	13.392	53.513	33.942498	-117.277554	1.634	HV	1	DAY	57			
810381	60	W	8	65	49270	15.166	55.287	33.941149	-117.246877	.892	HV	1	HEACOCK	62			
810382	60	W	8	65	49270	16.195	56.316	33.94038	-117.229089	3.014	HV	1	PERRIS	64			
810467	10	W	8	71	53896	9.38	56.145	34.067585	-117.554633	.771	ML	6	M .21 E/O MILLIKEN				
810483	10	E	8	71	53896	7.63	54.395	34.067482	-117.585112	.248	ML	5	M .35 E/O ARCHIBALD				
810678	91	W	8	65	16350	10	47.43	33.892218	-117.505653	.817	ML	3	M .2 W/O BUCHANAN ST				
810712	10	W	8	71	53896	7.63	54.395	34.067721	-117.585109	.487	ML	5	M .35 E/O ARCHIBALD				
810728	10	E	8	71	53896	7.63	54.395	34.067482	-117.585112	.248	HV	1	M .35 E/O ARCHIBALD				
810731	10	W	8	71	53896	7.63	54.395	34.067721	-117.585109	.487	HV	1	M .35 E/O ARCHIBALD				
810751	10	E	8	71		12.69	59.462	34.065567	-117.497035	1.153	ML	4	M 1.73 E/O ETIWANDA				
810758	10	W	8	71		12.69	59.462	34.065819	-117.496994	1.153	ML	4	M 1.73 E/O ETIWANDA				
810764	10	E	8	71		14.09	60.862	34.066148	-117.472706	1.455	ML	4	M 1.0 E/O CHERRY AVE				
810770	10	W	8	71		14.09	60.862	34.066408	-117.472703	1.455	ML	4	M 1.0 E/O CHERRY AVE				
810776	10	E	8	71		19.32	66.092	34.068272	-117.381553	1.41	ML	4	M .45 W/O CEDAR AVE				
810782	10	W	8	71		19.32	66.092	34.068509	-117.38157	1.58	ML	4	M .45 W/O CEDAR AVE				
810789	10	E	8	71	60466	20.76	67.532	34.068867	-117.356492	1.15	ML	4	M .48 W/O PEPPER AVE				
810810	10	W	8	71	60466	20.76	67.532	34.069048	-117.356489	1.15	ML	4	M .48 W/O PEPPER AVE				
810819	60	E	8	71	53896	9.59	49.87	34.004572	-117.399811	5	ML	6	M .57 E/O HAVEN AVE				
810829	60	E	8	65		1.31	41.865	34.018059	-117.53671	1.189	ML	3	M .85 E/O I-15				
810835	60	W	8	65		R1.31	41.865	34.018387	-117.5367	1.835	ML	4	M .85 E/O I-15				
810849	91	E	8	65	16350	4.501	41.845	33.881047	-117.597655	.254	HV	1	M .75 E/O LINCOLN				
810854	91	W	8	65	16350	4.5	41.93	33.881211	-117.597719	.535	HV	1	M .75 E/O LINCOLN				
810862	10	E	8	71	53896	10.53	57.295	34.067241	-117.534549	.855	ML	5	M .61 E/O I-15				
810869	10	W	8	71	53896	10.53	57.295	34.06749	-117.534562	.825	ML	5	M .61 E/O I-15				
810875	10	E	8	71		11.79	58.555	34.066816	-117.512537	.748	ML	4	M .88 E/O ETIWANDA				
810881	10	W	8	71		11.79	58.555	34.067102	-117.512452	.768	ML	4	M .88 E/O ETIWANDA				
810887	10	E	8	71	24680	16.58	63.352	34.06715	-117.429334	1.49	ML	4	M .56 E/O SIERRA AVE				
810910	10	E	8	71		21.7	68.472	34.068197	-117.340221	.86	ML	4	M .52 W/O RANCHO AVE				
810916	10	W	8	71		21.7	68.472	34.068402	-117.340149	.86	ML	4	M .52 W/O RANCHO AVE				
810921	60	E	8	65		R2.45	43.005	34.018358	-117.516908	1.2	ML	3	M .58 W/O MISSION BL				
810926	60	W	8	65		R2.45	43.005	34.018598	-117.516913	1.214	ML	3	M .58 W/O MISSION BL				
810931	60	E	8	65		5.3	45.855	34.01695	-117.467579	1.285	ML	3	M .57 W/O PYRITE ST				
810936	60	W	8	65		R5.3	45.855	34.017227	-117.467521	1.271	ML	3	M .57 W/O PYRITE ST				
810941	60	E	8	65		6.28	46.835	34.014187	-117.450769	1.088	ML	3	M .98 W/O VALLEY WAY				
810946	60	W	8	65		R6.28	46.835	34.014472	-117.450686	1.088	ML	3	M .98 W/O VALLEY WAY				
810951	60	E	8	65		7.75	48.03	34.010635	-117.430287	1.362	ML	3	M .56 W/O PACIFIC AV				
810957	60	W	8	65		7.75	48.03	34.010783	-117.43022	1.362	ML	3	M .56 W/O PACIFIC AV				
810960	60	E	8	65		7.75	48.03	34.010635	-117.430287	3.265	HV	1	M .56 W/O PACIFIC AV				
810965	60	E	8	65		9.28	49.56	34.004128	-117.405115	1.495	ML	3	M .34 W. RUBIDOUX BL				
810971	60	W	8	65		9.28	49.56	34.004329	-117.405094	1.495	ML	3	M .34 W. RUBIDOUX BL				
810977	60	E	8	65		9.28	49.56	34.004128	-117.405115	1.495	HV	1	M .34 W/O RUBIDOUX				
810980	60	W	8	65		9.28	49.56	34.004329	-117.405094	3.23	HV	1	M .34 W/O RUBIDOUX				
810984	60	E	8	65	62000	R10.74	51.02	34.002839	-117.380352	1.185	ML	3	M 1.2 E/0 RUBIDOUX				
810988	60	W	8	65	62000	R10.74	51.02	34.003068	-117.380298	1.26	ML	3	M 1.2 E/O RUBIDOUX				
810990	60	E	8	65	62000	R10.74	51.02	34.002839	-117.380352	1.348	HV	1	M 1.2 E/O RUBIDOUX				
810992	60	W	8	65	62000	R10.74	51.02	34.003068	-117.380298	1.977	HV	1	M 1.2 E/0 RUBIDOUX				
810997	10	E	8	71	81344	4.16	50.925	34.086225	-117.639206	.515	ML	4	M 1.0 W/O 4th STREET				
811003	10	W	8	71	81344	4.16	50.925	34.086425	-117.639133	.81	ML	4	M 1.0 W/O 4th STREET				
811005	10	E	8	71	81344	4.16	50.925	34.086225	-117.639206	.52	HV	1	M 1.0 W/O 4th STREET				
811007	10	W	8	71	81344	4.16	50.925	34.086425	-117.639133	.832	HV	1	M 1.0 W/O 4th STREET				
811013	10	E	8	71		15.6	62.372	34.066777	-117.446405	1.125	ML	5	M .37 E/O CITRUS AVE				
811019	10	W	8	71		15.6	62.372	34.067027	-117.446399	1.075	ML	5	M .37 E/O CITRUS AVE				
811024	10	E	8	71		19.4	66.172	34.068304	-117.380157	.72	ML	4	M .75 E/O CEDAR AVE				
811030	10	W	8	71		19.4	66.172	34.068537	-117.380171	.72	ML	4	M .75 E/O CEDAR AVE				
811035	10	E	8	71	14890	22.48	69.252	34.066079	-117.326968	.96	ML	4	M .5 E/O RANCHO AVE				
811041	10	W	8	71	14890	22.48	69.252	34.066277	-117.326909	.96	ML	5	M .5 E/O RANCHO AVE				
811047	10	E	8	71	14890	23.62	70.392	34.065089	-117.307133	.885	ML	5	M .53 W/O I-215				
811053	10	W	8	71	14890	23.62	70.392	34.065311	-117.307152	.885	ML	5	M .53 W/O I-215				
811057	60	E	8	65		R3.71	44.265	34.019105	-117.494986	1.425	ML	3	M .81 W/O PEDLEY RD				
811061	60	W	8	65		R3.738	44.293	34.019428	-117.494477	1.425	ML	3	M .81 W/O PEDLEY RD				
811067	60	E	8	65	62000	R11.65	51.93	33.996944	-117.366171	.538	ML	4	M .58 E/0 MARKET ST				
811072	60	W	8	65	62000	R11.8	52.08	33.996138	-117.363759	1.246	ML	4	M .58 E/O MARKET ST				
811077	15	N	8	65		39.77	94.263	33.859099	-117.536099	.407	ML	4	M 1.27 N/O ORLANDO				
811082	15	S	8	65		39.77	94.253	33.858975	-117.536524	.653	ML	4	M 1.27 N/O ORLANDO				
811087	15	N	8	65	51560	44	98.493	33.914745	-117.55735	.113	ML	3	M .4 N/O 2nd STREET				
811091	15	S	8	65	51560	45.3	99.783	33.933517	-117.556191	.838	ML	3	M .18 N/O FIFTH ST				
811095	15	N	8	65	51560	45.3	99.793	33.933525	-117.555868	.491	ML	3	M .18 N/O FIFTH ST				
811100	15	S	8	65	51560	44	98.483	33.914786	-117.557735	.921	ML	4	M .4 N/O 2nd STREET				
811108	15	S	8	65		52.1	106.583	34.030829	-117.550495	1.072	ML	4	M 1.2 S/O JURUPA ST				
811113	15	N	8	65		49.52	104.013	33.993339	-117.55021	.315	ML	3	M 2.04 S/O RIVERSIDE				
811117	15	S	8	65		49.52	104.003	33.993337	-117.550441	.8	ML	3	M 2.04 S/O RIVERSIDE				
811121	15	N	8	65	51560	46.29	100.783	33.947665	-117.553822	.75	ML	3	M 1.63 S/O LIMONITE				
811132	91	W	8	65	2000	R.05	37.368	33.869872	-117.671776	.605	ML	5	M 0.95 E/O CANYON RD				
811137	15	S	8	65		50.39	104.873	34.005922	-117.550529	.95	ML	3	M 1.17 S/O RIVERSIDE				
811148	15	S	8	65	51560	46.29	100.773	33.947673	-117.5542	1.202	ML	4	M 1.63 S/O LIMONITE				
811156	15	N	8	71	53896	1.8	108.574	34.058906	-117.545151	.401	ML	6	M .65 S/O I-10				
811162	15	S	8	71	53896	1.8	108.564	34.058906	-117.545522	1.088	ML	5	M .65 S/O I-10				
811167	15	N	8	71	59451	4	110.774	34.09081	-117.544091	.301	ML	4	M 1.1 S/O FOOTHILL				
811172	15	S	8	71	59451	4	110.764	34.090863	-117.544465	1	ML	4	M 1.1 S/O FOOTHILL				
811178	15	N	8	71	59451	5.7	112.474	34.110222	-117.527168	.4	ML	4	M 1.05 S/O BASELINE				
811183	15	S	8	71	59451	5.7	112.464	34.110494	-117.527429	1.245	ML	4	M 1.05 S/O BASELINE				
811188	15	N	8	71	24680	10.1	116.874	34.155505	-117.472563	.321	ML	4	M .46 N/O SUMMIT AVE				
811193	15	S	8	71	24680	10.1	116.864	34.155585	-117.473005	.874	ML	4	M .46 N/O SUMMIT AVE				
811198	15	N	8	71		11.4	118.174	34.168705	-117.456604	.835	ML	4	M 1.8 N/O SUMMIT AVE				
811203	15	S	8	71		11.4	118.164	34.168771	-117.457132	.985	ML	4	M 1.8 N/O SUMMIT AVE				
811208	15	N	8	71		12.5	119.274	34.177982	-117.441025	.315	ML	4	M .37 S/O SIERRA AVE				
811213	15	S	8	71		12.5	119.264	34.178291	-117.441326	.815	ML	4	M .37 S/O SIERRA AVE				
811218	15	N	8	71		13.7	120.474	34.19004	-117.425928	.24	ML	4	M 1.0 S/O GLEN HELEN				
811224	15	S	8	71		13.7	120.464	34.190228	-117.426251	1.005	ML	4	M 1.0 S/O GLEN HELEN				
811228	15	N	8	71		14.8	121.574	34.202931	-117.41507	.94	ML	3	M 1.5 S/O BARSTOW FW				
811232	15	S	8	71		14.8	121.564	34.203041	-117.415411	.785	ML	3	M 1.5 S/O BARSTOW FW				
811236	15	N	8	71		16.08	122.854	34.220961	-117.410068	1.377	ML	3	M .16 S/O BARSTOW FW				
811240	15	S	8	71		16.08	122.844	34.221032	-117.410441	1.859	ML	3	M .16 S/O BARSTOW FW				
811246	15	N	8	71		14.15	120.924	34.194462	-117.420125	.25	ML	5	M .86 N/O I-215				
811253	15	S	8	71		14.51	121.274	34.199231	-117.417549	.55	ML	6	M .86 N/O I-215				
811258	15	N	8	71		R15.923	125.292	34.246532	-117.436635	2.981	ML	4	M 1.65 S/O OAKIE FLT				
811263	15	S	8	71		R15.923	125.282	34.246283	-117.437067	3.342	ML	4	M 1.65 S/O OAKIE FLT				
811268	15	N	8	71	59451	7.55	114.324	34.129302	-117.504074	.702	ML	4	M 2.25 N/O FOOTHILL				
811274	15	S	8	71	59451	7.59	114.354	34.129945	-117.503901	1.77	ML	4	M 2.25 N/O FOOTHILL				
811278	15	N	8	65		48.2	102.693	33.974311	-117.548724	.485	ML	3	M .28 S/O LIMONITE				
811283	15	S	8	65		48.2	102.683	33.974322	-117.549014	.72	ML	4	M .28 S/O LIMONITE				
811288	15	N	8	71	59451	3.5	110.274	34.083574	-117.544601	.4	ML	4	M 1.85 S/O FOOTHILL				
811298	15	N	8	71		R14.96	124.329	34.236528	-117.424563	1.218	ML	4	M 2.25 N/O OAKIE FLT				
811303	15	S	8	71		R20.169	129.528	34.300706	-117.459293	4.623	ML	4	M 2.25 N/O OAKIE FLT				
811309	91	E	8	65		R2.8	40.032	33.883866	-117.628451	.242	ML	5	M 1.7 E/O GREEN RIV.				
811314	91	W	8	65		R2.8	40.118	33.884124	-117.628487	1.279	ML	4	M 1.7 E/O GREEN RIV.				
811316	91	E	8	65		R2.8	40.032	33.883866	-117.628451	.242	HV	1	M 1.7 E/O GREEN RIV.				
811319	91	W	8	65		R2.8	40.118	33.884124	-117.628487	1.279	HV	1	M 1.7 E/O GREEN RIV.				
811325	91	E	8	65	16350	6.8	44.144	33.879176	-117.558045	.624	ML	5	M .1 E/O E GRAND BL				
811332	91	W	8	65	16350	6.8	44.23	33.879422	-117.558138	.881	ML	5	M .1 E/O E GRAND BL				
811334	91	E	8	65	16350	6.8	44.144	33.879176	-117.558045	.624	HV	1	M .1 E/O E GRAND BL				
811336	91	W	8	65	16350	6.8	44.23	33.879422	-117.558138	.881	HV	1	M .1 E/O E GRAND BL				
811338	91	E	8	65	16350	8	45.344	33.88329	-117.537913	.614	HV	1	M 1.3 E/O GRAND BL				
811340	91	W	8	65	16350	8	45.43	33.883509	-117.538027	1.145	HV	1	M 1.3 E/O GRAND BL				
811345	91	E	8	65	16350	8	45.344	33.88329	-117.537913	.614	ML	4	M 1.3 E/O GRAND BL				
811350	91	W	8	65	16350	8	45.43	33.883509	-117.538027	1.145	ML	4	M 1.3 E/O GRAND BL				
811352	91	E	8	65	16350	10	47.344	33.892046	-117.505531	.995	HV	1	M .2 W/O BUCHANAN ST				
811354	91	W	8	65	16350	10	47.43	33.892218	-117.505653	.817	HV	1	M .2 W/O BUCHANAN ST				
811366	10	E	8	71	53896	9.38	56.145	34.06734	-117.554627	.703	ML	6	M .21 E/O MILLIKEN				
811389	91	E	8	65	16350	10	47.344	33.892046	-117.505531	.995	ML	3	M .2 W/O BUCHANAN ST				
811394	91	E	8	65	62000	12.5	49.844	33.902269	-117.464951	.449	HV	1	M .5 W/O TYLER ST				
811396	91	W	8	65	62000	12.5	49.93	33.902424	-117.465105	.542	HV	1	M .5 W/O TYLER ST				
811400	91	E	8	65	62000	12.5	49.844	33.902269	-117.464951	.502	ML	3	M .5 W/O TYLER ST				
811404	91	W	8	65	62000	12.5	49.93	33.902424	-117.465105	.513	ML	3	M .5 W/O TYLER ST				
811408	91	E	8	65	62000	19.2	56.544	33.962982	-117.377482	.434	ML	3	M .2 W/O IVY ST				
811412	91	W	8	65	62000	19.2	56.63	33.963067	-117.377674	.776	ML	3	M .2 W/O IVY ST				
812586	71	S	8	71		R.379	5.329	34.016341	-117.740864	.688	ML	4	RIVERSIDE Dr IDS				
812587	71	N	8	71		R.865	5.815	34.013094	-117.735477		OR	3	Chino Ave ON				
812588	71	N	8	71		R.865	5.815	34.013094	-117.735477	1.213	ML	3	Chino Ave ON				
812590	71	N	8	71		R.865	5.815	34.013094	-117.735477	1.213	HV	1	Chino Ave ON				
812600	71	S	8	71	13210	R1.097	6.047	34.009267	-117.731761		OR	2	Chino Ave				
812601	71	S	8	71	13210	R1.097	6.047	34.009267	-117.731761	.814	ML	3	Chino Ave				
812602	71	S	8	71	13210	R1.097	6.047	34.009267	-117.731761	.814	HV	1	Chino Ave				
812609	71	N	8	71	13210	R1.662	6.612	34.004207	-117.7263	.506	ML	3	Grand Ave.				
812610	71	N	8	71	13210	R1.662	6.612	34.004207	-117.7263	.506	HV	1	Grand Ave.				
812648	71	N	8	71	13210	R1.879	6.829	34.001533	-117.724219	.765	ML	3	Grand Ave ON				
812649	71	N	8	71	13210	R1.879	6.829	34.001533	-117.724219	.765	HV	1	Grand Ave ON				
812650	71	S	8	71	13210	R2.008	6.958	33.998476	-117.722757		OR	2	Grand Ave. SB ON				
812651	71	S	8	71	13210	R2.008	6.958	33.998476	-117.722757	.469	ML	3	Grand Ave. ON				
812652	71	S	8	71	13210	R2.008	6.958	33.998476	-117.722757	.469	HV	1	Grand Ave. ON				
812653	71	N	8	71	13210	R3.194	8.144	33.985433	-117.711529		OR	2	Chino Hills Pkwy ON				
812654	71	N	8	71	13210	R3.194	8.144	33.985433	-117.711529	1.402	ML	3	Chino Hills Pkwy ON				
812655	71	N	8	71	13210	R3.194	8.144	33.985433	-117.711529	1.402	HV	1	Chino Hills Pkwy ON				
812656	71	S	8	71	13210	R3.75	8.7	33.979146	-117.703719		OR	2	Ramona Ave ON				
812657	71	S	8	71	13210	R3.737	8.687	33.979251	-117.703907	1.424	ML	3	Ramona Ave ON				
812658	71	S	8	71	13210	R3.737	8.687	33.979251	-117.703907	1.424	HV	1	Ramona Ave ON				
812659	71	S	8	71	13210	R2.036	6.986	33.998107	-117.722552	.864	ML	3	Pipeline Ave IDS				
812660	71	S	8	71	13210	R2.036	6.986	33.998107	-117.722552	.864	HV	1	Pipeline Ave IDS				
812689	71	S	8	71	13214	R7.956	12.906	33.930984	-117.659792		OR	2	EUCLID AVE SB ON				
812690	71	S	8	71	13214	R7.956	12.906	33.930984	-117.659792	.752	ML	2	EUCLID AVE SB ON				
812703	71	N	8	71	13214	R8.026	12.976	33.93026	-117.658916		OR	2	EUCLID AVE NB ON				
812704	71	N	8	71	13214	R8.026	12.976	33.93026	-117.658916	.648	ML	2	EUCLID AVE NB ON				
812705	71	N	8	71	13214	R8.026	12.976	33.93026	-117.658916	.648	HV	1	EUCLID AVE NB ON				
812716	71	S	8	71	13214	R8.213	13.163	33.927697	-117.65738		OR	2	EUCLID AVE SB ON				
812717	71	S	8	71	13214	R8.213	13.163	33.927697	-117.65738	.465	ML	2	EUCLID AVE SB ON				
812730	71	N	8	71	13214	R7.777	12.727	33.933214	-117.661517	.838	ML	2	.3 MI N/O EUCLID				
812731	71	N	8	71	13214	R7.777	12.727	33.933214	-117.661517	.838	HV	1	.3 MI N/O EUCLID				
812744	71	N	8	71	13214	R5.909	10.859	33.955911	-117.680034	.726	ML	2	.5 NO PINE AVE				
812745	71	N	8	71	13214	R5.909	10.859	33.955911	-117.680034	.726	HV	1	.5 NO PINE AVE				
812764	71	S	8	71	13214	R5.53	10.48	33.960013	-117.683485	.813	ML	2	.6 S/O SOQUEL CYN				
812765	71	S	8	71	13214	R5.53	10.48	33.960013	-117.683485	.813	HV	1	.6 S/O SOQUEL CYN				
812775	71	N	8	71	13214	R4.685	9.635	33.970743	-117.692257		OR	2	NB ON SOQUEL CYN				
812776	71	N	8	71	13214	R4.685	9.635	33.970743	-117.692257	.851	ML	3	NB ON SOQUEL CYN				
812777	71	N	8	71	13214	R4.685	9.635	33.970743	-117.692257	.851	HV	1	NB ON SOQUEL CYN				
812787	71	S	8	71	13214	R4.884	9.834	33.967804	-117.689698		OR	2	SB LOOP SOQUEL CYN				
812788	71	S	8	71	13214	R4.884	9.834	33.967804	-117.689698	.672	ML	3	SB LOOP SOQUEL CYN				
812789	71	S	8	71	13214	R4.884	9.834	33.967804	-117.689698	.672	HV	1	SB LOOP SOQUEL CYN				
812799	71	N	8	71	13214	R4.896	9.846	33.968332	-117.689905		OR	2	NB LOOP SOQUEL CYN				
812800	71	N	8	71	13214	R4.896	9.846	33.968332	-117.689905	.611	ML	3	NB LOOP SOQUEL CYN				
812801	71	N	8	71	13214	R4.896	9.846	33.968332	-117.689905	.611	HV	1	NB LOOP SOQUEL CYN				
812810	71	S	8	71	13214	R5.083	10.033	33.965512	-117.687597		OR	2	SB ON SOQUEL CYN				
812811	71	S	8	71	13214	R5.083	10.033	33.965512	-117.687597	.322	ML	3	SB ON SOQUEL CYN				
812812	71	S	8	71	13214	R5.083	10.033	33.965512	-117.687597	.322	HV	1	SB ON SOQUEL CYN				
812820	71	N	8	71	13214	R6.348	11.298	33.950369	-117.676045		OR	2	NB ON PINE AVE				
812821	71	N	8	71	13214	R6.348	11.298	33.950369	-117.676045	.933	ML	2	NB ON PINE AVE				
812822	71	N	8	71	13214	R6.348	11.298	33.950369	-117.676045	.933	HV	1	NB ON PINE AVE				
812830	71	S	8	71	13214	R6.71	11.66	33.945315	-117.67299		OR	2	SB ON PINE AVE				
812831	71	S	8	71	13214	R6.71	11.66	33.945315	-117.67299	1.213	ML	2	SB ON PINE AVE				
812832	71	S	8	71	13214	R6.71	11.66	33.945315	-117.67299	1.213	HV	1	SB ON PINE AVE				
813015	210	E	8	71	24680	11.663	64.102	34.13621	-117.492893	.969	HV	1	210@CHERRY				
813016	210	E	8	71	24680	11.94	64.379	34.136208	-117.487983	1.243	HV	1	.25 E/O 210/15 IC				
813017	210	W	8	71	24680	12.148	64.587	34.136485	-117.484369	2.13	HV	1	210@CHERRY WB				
813047	10	W	8	71	53896	11.03	57.795	34.067664	-117.525792		OR	2	W/B ETIWANDA ON				
813048	10	W	8	71	53896	11.03	57.795	34.067664	-117.525792	.315	ML	4	W/B ETIWANDA ON				
813057	10	E	8	71	53896	11.09	57.855	34.067374	-117.524698		OR	2	E/B ETIWANDA LOOP				
813058	10	E	8	71	53896	11.09	57.855	34.067374	-117.524698	.335	ML	4	E/B ETIWANDA LOOP				
813067	10	W	8	71	53896	11.16	57.925	34.067757	-117.523472		OR	2	W/B ETIWANDA LOOP ON				
813068	10	W	8	71	53896	11.16	57.925	34.067757	-117.523472	.38	ML	4	W/B ETIWANDA LOOP ON				
813078	10	E	8	71	53896	11.2	57.965	34.067426	-117.522742		OR	2	E/B ETIWANDA ON				
813079	10	E	8	71	53896	11.2	57.965	34.067426	-117.522742	.35	ML	4	E/B ETIWANDA ON				
813315	10	W	8	71	24680	16.24	63.012	34.06747	-117.435261		OR	3	W/B SIERRA ON				
813316	10	W	8	71	24680	16.24	63.012	34.06747	-117.435261	1.86	ML	4	W/B SIERRA ON				
813332	10	E	8	71	24680	16.34	63.112	34.067191	-117.433523		OR	3	E/B SIERRA ON				
813333	10	E	8	71	24680	16.34	63.112	34.067191	-117.433523	.49	ML	4	E/B SIERRA ON				
813443	91	W	8	65		R.995	38.313	33.878243	-117.658393	1.716	HV	1	GREEN RIVER	66			
813794	91	W	8	65	62000	14.3	51.73	33.91667	-117.438874	.789	ML	4	M 1.3 M W/O ADAMS				
813795	91	W	8	65	62000	14.3	51.73	33.91667	-117.438874	.748	HV	1	M 1.3 M W/O ADAMS				
813804	60	E	8	71	13210	.28	30.877	34.025441	-117.724666	.327	ML	5	M 1.42 M E/O HWY 71				
813805	60	E	8	71	13210	.28	30.877	34.025441	-117.724666	.327	HV	1	M 1.42 E/O HWY 71				
813980	30	E	8	71	59451	22.19	15.785	34.145609	-117.313965	5	ML	3	210 @ MIRAMONTE AVE				
813995	30	W	8	71	59451	23	16.595	34.14581	-117.299851	5	ML	3	210 W/O H ST.				
814351	91	W	8	65	16350	4.5	41.93	33.881211	-117.597719	.531	ML	4	M .75 E/O LINCOLN				
814357	91	E	8	65	16350	4.501	41.845	33.881047	-117.597655	.254	ML	4	M .75 E/O LINCOLN				
814417	15	N	8	65	51560	43.692	98.185	33.910359	-117.558301		OR	1	 2nd St ONR	35			
814425	15	N	8	65	51560	45.775	100.268	33.940403	-117.555573		OR	1	6TH ST NB ONR	7286188			
814432	15	N	8	65		48.4	102.893	33.977209	-117.548729		OR	1	LIMEONITE NB ON	7286185			
814438	15	S	8	65	51560	45.675	100.158	33.938948	-117.556054		OR	1	6 TH ST SB	7286187			
814448	15	S	8	71	59451	5.1	111.864	34.104298	-117.534863		OR	1	FOOTHILL LOOP SB	7286190			
814455	15	S	8	71	59451	5	111.764	34.10328	-117.536081		OR	1	FOOTHILL SB	7286189			
814461	15	S	8	71	59451	9.24	116.004	34.146975	-117.483396		OR	1	BASELINE SB	7286193			
814467	15	S	8	71		12.07	118.834	34.174712	-117.447638		OR	1	SIERRA	7286196			
814496	210	W	8	71	24680	13.66	66.099	34.136815	-117.458127		OR	2	210 @ CITRUS WB/ON				
814499	210	W	8	71	24680	13.66	66.099	34.136815	-117.458127	.795	ML	3	210 @ CITRUS WB/ON				
814500	210	W	8	71	24680	13.66	66.099	34.136815	-117.458127	1.376	HV	1	210 @ CITRUS WB/ON				
814504	210	E	8	71	24680	14.15	66.589	34.13611	-117.449477		OR	2	210 @ CITRUS EB/ON				
814506	210	E	8	71	24680	14.15	66.589	34.13611	-117.449477	1.366	ML	3	210 @ CITRUS EB/ON				
814507	210	E	8	71	24680	14.15	66.589	34.13611	-117.449477	1.47	HV	1	210 @ CITRUS EB/ON				
814512	210	W	8	71	24680	14.75	67.189	34.136385	-117.438636		OR	2	210 @ SIERRA WB/ON				
814514	210	W	8	71	24680	14.75	67.189	34.136385	-117.438636	.62	ML	3	210 @ SIERRA WB/ON				
814524	210	E	8	71	24680	14.88	67.319				OR	2	210@SIERRA EB/LP ON				
814526	210	E	8	71	24680	14.88	67.319			.414	ML	3	210@SIERRA EB/LP ON				
814527	210	E	8	71	24680	14.88	67.319			.414	HV	1	210@SIERRA EB/LP ON				
814531	210	W	8	71	24680	14.9	67.339				OR	2	210@SIERRA WB/LP ON				
814533	210	W	8	71	24680	14.9	67.339			.104	ML	3	210@SIERRA WB/LP ON				
814534	210	W	8	71	24680	14.9	67.339			.649	HV	1	210@SIERRA WB/LP ON				
814630	15	N	8	65		52.1	106.593	34.030822	-117.550021	.714	ML	5	M 1.2 S/O JURUPA ST				
814823	91	E	8	65	62000	20.603	57.947	33.981346	-117.368357		OR	2	7th/Mission Inn	7286182			
814860	71	S	8	71	13214	R7.956	12.906	33.930984	-117.659792	.752	HV	1	EUCLID AVE SB ON				
814862	71	S	8	71	13214	R8.213	13.163	33.927697	-117.65738	.465	HV	1	EUCLID AVE SB ON				
815315	15	S	8	65		49.8	104.283	33.997387	-117.550465		OR	2	CANTU GALLEANO SB ON				
815317	15	S	8	65		49.8	104.283	33.997387	-117.550465	.34	ML	3	CANTU GALLEANO SB ON				
815330	15	S	8	65		50.2	104.683	34.003174	-117.550553		OR	2	CANTU GALLEANO SB LP				
815332	15	S	8	65		50.2	104.683	34.003174	-117.550553	.295	ML	3	CANTU GALLEANO SB LP				
815346	15	N	8	65		50.1	104.593	34.001727	-117.550138		OR	3	CANTU GALLEANO NB LP				
815347	15	N	8	65		50.1	104.593	34.001727	-117.550138	.496	ML	3	CANTU GALLEANO NB LP				
816004	215	N	8	65	62000	42.245	34.219	33.983955	-117.343692	2.84	HV	1	BLAINE	118			
816008	215	S	8	65	62000	R12.064	52.492	33.948785	-117.300495		OR	2	BLAINE ST SB ON				
816009	215	S	8	65	62000	R12.064	52.492	33.948785	-117.300495	5	ML	3	BLAINE ST SB ON				
816010	215	S	8	65	62000	R12.064	52.492	33.948785	-117.300495	5	HV	1	BLAINE ST SB ON				
816011	60	E	8	65	62000	11.976	52.256	33.994864	-117.361067	.736	ML	4	W/O 60/91/215 IC				
816014	60	E	8	65	62000	11.976	52.256	33.994864	-117.361067	1.274	HV	1	W/O 60/91/215 IC				
816021	215	N	8	65	62000	41.564	33.538	33.976477	-117.336049	.658	HV	1	UNIVERSITY	117			
816032	215	S	8	65	62000	41.451	33.425	33.975118	-117.334939		OR	2	UNIVERSITY AVE SB ON				
816033	215	S	8	65	62000	41.451	33.425	33.975118	-117.334939	2.845	ML	3	UNIVERSITY AVE SB ON				
816034	215	S	8	65	62000	41.451	33.425	33.975118	-117.334939	2.845	HV	1	UNIVERSITY AVE SB ON				
816046	215	N	8	65	62000	40.929	32.903	33.969488	-117.328982		OR	2	MLK NB ON				
816048	215	N	8	65	62000	40.929	32.903	33.969488	-117.328982	.591	HV	1	MLK NB ON				
816060	215	S	8	65	62000	40.76	32.734	33.96725	-117.327701		OR	2	MLK SB ON				
816061	215	S	8	65	62000	40.76	32.734	33.96725	-117.327701	1.012	ML	4	MLK SB ON				
816062	215	S	8	65	62000	40.76	32.734	33.96725	-117.327701	1.012	HV	1	MLK SB ON				
816076	91	W	8	65	62000	21.474	58.904	33.990999	-117.359032		OR	2	SPRUCE ST WB ON				
816077	91	W	8	65	62000	21.474	58.904	33.990999	-117.359032	.746	ML	5	SPRUCE ST WB ON				
816084	91	E	8	65	62000	20.86	58.204	33.984331	-117.36573	1.013	ML	5	E/O THIRD ST				
816090	215	N	8	65		39.652	31.626	33.96035	-117.31172	.877	HV	1	CENTRAL/WATKINS	115			
816105	215	S	8	65		39.426	31.4	33.958259	-117.308745		OR	3	CENTRAL AVE SB ON				
816106	215	S	8	65		39.426	31.4	33.958259	-117.308745	1.146	ML	4	CENTRAL AVE SB ON				
816107	215	S	8	65		39.426	31.4	33.958259	-117.308745	3.167	HV	1	CENTRAL AVE SB ON				
816113	215	N	8	65		40.382	32.356	33.963201	-117.323648	.966	ML	4	N/O BOX SPRINGS RD				
816114	215	N	8	65		40.382	32.356	33.963201	-117.323648	.639	HV	1	N/O BOX SPRINGS RD				
816134	215	N	8	65	62000	38.627	30.601	33.948414	-117.301477	3.013	HV	1	BOX SPRINGS	114			
816150	215	S	8	65	62000	R38.774	30.441	33.946908	-117.299605	.87	ML	6	BOX SPRINGS SB ON				
816155	215	S	8	65		R37.991	29.658	33.939239	-117.291256	2.892	ML	4	S/O 60/215 IC				
816193	210	E	8	71	59451	8.8	61.239	34.136385	-117.542984	.35	HV	1	DAY CREEK EB OH	7286215			
816194	210	E	8	71	59451	8.8	61.239	34.136385	-117.542984	.35	ML	3	DAY CREEK E/B OS	7286215			
816210	210	W	8	71	59451	9.4	61.839	34.136608	-117.532517	1.674	HV	1	DAY CREEK E/B ON	7286216			
816211	210	W	8	71	59451	9.4	61.839	34.136608	-117.532517	1.674	ML	3	DAY CREEK E/B ON	7286216			
816218	210	E	8	71	24680	12.148	64.587	34.136171	-117.48437	.104	ML	1	210@CHERRY WB				
816219	210	E	8	71	24680	12.148	64.587	34.136171	-117.48437	1.001	ML	3	210@CHERRY WB				
816240	215	S	8	71		2.569	39.876	34.046528	-117.309221		OR	2	MT VERNON/WASH SB ON				
816241	215	S	8	71		2.569	39.876	34.046528	-117.309221	.729	ML	3	MT VERNON/WASH SB ON				
816252	215	S	8	71		1.174	38.481	34.032437	-117.326662		OR	1	BARTON RD SB ON				
816253	215	S	8	71		1.174	38.481	34.032437	-117.326662	.467	ML	3	BARTON RD SB ON				
816255	215	N	8	71		1.174	38.481	34.032333	-117.32655	.467	ML	3	BARTON RD NB				
816267	215	S	8	71		.058	37.365	34.020039	-117.339132		OR	1	LACADENA DR SB ON				
816268	215	S	8	71		.058	37.365	34.020039	-117.339132	.259	ML	3	LACADENA DR SB ON				
816269	215	N	8	71		.058	37.365	34.019958	-117.338996	.259	ML	3	LACADENA DR NB				
816284	215	N	8	71		.506	37.813	34.025116	-117.33428		OR	2	IOWA AVE NB ON				
816285	215	N	8	71		.506	37.813	34.025116	-117.33428	.747	ML	3	IOWA AVE NB ON				
816286	215	S	8	71		.506	37.813	34.02521	-117.334408	.747	ML	3	IOWA AVE SB				
816299	215	N	8	71		1.439	38.746	34.03513	-117.323391	.747	ML	3	BARTON RD NB ON				
816300	215	N	8	71		1.439	38.746	34.03513	-117.323391		OR	1	BARTON RD NB ON				
816301	215	S	8	71		1.439	38.746	34.035237	-117.323494	.697	ML	3	BARTON RD SB				
816312	215	N	8	71	14890	2.669	39.976	34.047366	-117.307779		OR	2	WASHINGTON NB LP ON				
816313	215	N	8	71	14890	2.669	39.976	34.047366	-117.307779	.729	ML	3	WASHINGTON NB LP ON				
816327	215	N	8	71		2.896	40.203	34.049495	-117.304736		OR	2	WASHINGTON NB ON				
816328	215	N	8	71		2.896	40.203	34.049495	-117.304736	.715	ML	3	WASHINGTON NB ON				
816329	215	S	8	71	14890	2.896	40.203	34.04959	-117.304881	.765	ML	3	WASHINGTON SB				
816363	10	W	8	71	59962	29.164	75.925	34.066712	-117.211337		OR	2	ALABAMA ST WB ON				
816364	10	W	8	71	59962	29.164	75.925	34.066712	-117.211337	2.865	ML	4	ALABAMA ST WB ON				
816365	10	E	8	71	59962	29.164	75.925	34.066438	-117.21142	2.865	ML	4	ALABAMA ST EB				
816381	10	W	8	71	59962	28.176	74.937	34.066697	-117.228549		OR	2	CALIFORNIA ST WB ON				
816382	10	E	8	71	59962	28.176	74.937	34.06648	-117.228559	.505	ML	4	CALIFORNIA ST WB ON				
816383	10	W	8	71	59962	28.176	74.937	34.066697	-117.228549	.643	ML	4	CALIFORNIA ST EB				
816399	10	W	8	71	42370	27.147	73.908	34.066685	-117.246498		OR	2	MT VIEW WB ON				
816400	10	W	8	71	42370	27.147	73.908	34.06649	-117.246445	.873	ML	4	MT VIEW WB ON				
816401	10	E	8	71	42370	27.147	73.908	34.066685	-117.246498	.498	ML	4	MT VIEW EB				
816417	10	W	8	71	42370	26.147	72.908	34.064205	-117.263584		OR	2	TIPPECANOE WB ON				
816418	10	W	8	71	42370	26.147	72.908	34.064205	-117.263584	.491	ML	4	TIPPECANOE WB ON				
816419	10	E	8	71	65000	26.147	72.908	34.064011	-117.263528	.512	ML	4	TIPPECANOE EB				
816431	10	W	8	71	65000	25.447	72.208	34.064143	-117.275764		OR	2	HOSPITALITY DR WB ON				
816432	10	W	8	71	65000	25.447	72.208	34.064143	-117.275764	.797	ML	4	HOSPITALITY DR WB ON				
816445	10	W	8	71	14890	R24.542	71.314	34.063642	-117.29129		OR	1	HUNTS LANE WB ON				
816446	10	W	8	71	14890	R24.542	71.314	34.063642	-117.29129	.593	ML	4	HUNTS LANE WB ON				
816450	10	E	8	71	14890	R24.542	71.314	34.063379	-117.291302	.571	ML	4	HUNTS LANE WB ON				
816463	10	E	8	71	65000	25.404	72.165	34.063943	-117.276468		OR	2	WATERMAN AVE EB ON				
816464	10	E	8	71	65000	25.404	72.165	34.063943	-117.276468	.797	ML	5	WATERMAN AVE EB ON				
816479	10	E	8	71	42370	26.429	73.19	34.064883	-117.25872		OR	2	TIPPECANOE EB ON				
816480	10	E	8	71	42370	26.429	73.19	34.064883	-117.25872	.5	ML	4	TIPPECANOE EB ON				
816481	10	W	8	71	42370	26.429	73.19	34.065082	-117.258783	.5	ML	4	TIPPECANOE WB				
816493	10	E	8	71	42370	27.424	74.185	34.066472	-117.24163		OR	1	MT VIEW EB ON				
816494	10	E	8	71	42370	27.424	74.185	34.066472	-117.24163	.514	ML	4	MT VIEW EB ON				
816508	10	E	8	71	59962	28.434	75.195	34.06648	-117.224079		OR	1	CALIFORNIA EB ON				
816509	10	E	8	71	59962	28.434	75.195	34.06648	-117.224079	.494	ML	4	CALIFORNIA EB ON				
816510	10	W	8	71	59962	28.434	75.195	34.066697	-117.224052	.494	ML	4	CALIFORNIA EB ON				
816966	10	E	8	71	14890	R24.25	71.022	34.064063	-117.296362	.461	ML	4	10/215 UC				
816967	10	W	8	71	14890	R24.25	71.022	34.064321	-117.296306	.461	ML	4	10/215 UC WB OS				
816994	15	N	8	65		R.5	55.015	33.439131	-117.138773	1.015	ML	4	RAINBOW VALLEY BLVD				
817007	15	N	8	65		R.16	54.675	33.434731	-117.141415	.245	ML	4	N/O TRUCK INSP STA.				
817009	15	S	8	65		R.16	54.665	33.434851	-117.141898	.235	ML	4	N/O TRUCK INSP STA.				
817018	15	S	8	65	78120	R2.2	56.715	33.463363	-117.136052	1.35	ML	4	RAINBOW TR INSP STA				
817019	15	N	8	65		R2.2	56.705	33.463321	-117.136524	1.35	ML	4	RAINBOW TR INSP STA				
817029	15	N	8	65	78120	3.5	58.015	33.481651	-117.140861	.75	ML	4	ROUTE 79 NB ONR				
817030	15	S	8	65	78120	3.5	58.005	33.481571	-117.141221	.75	ML	4	ROUTE 79 NB ONR				
817039	15	N	8	65	78120	5.1	59.615	33.502473	-117.15197	.5	ML	4	RANCHO CALIFORNIA RD				
817040	15	S	8	65	78120	5.1	59.605	33.502362	-117.15231	.5	ML	4	RANCHO CALIFORNIA RD				
817081	15	S	8	65	50076	8.4	62.905	33.544961	-117.178202	.95	ML	4	ROUTE 15/215 SEP				
817087	15	N	8	65	50076	8.4	62.915	33.545228	-117.177897	.95	ML	4	ROUTE 15/215 SEP				
817097	15	N	8	65	50076	9.6	64.115	33.555981	-117.193778	.45	ML	3	MURRIETA HOT SPRINGS				
817098	15	S	8	65	50076	9.6	64.105	33.555724	-117.194095	.45	ML	3	MURRIETA HOT SPRINGS				
817105	215	N	8	65	50076	R9.5	1.07	33.556107	-117.180735	1.12	ML	2	MURRIETA HOT SPRINGS				
817109	215	S	8	65	50076	R9.5	1.07	33.556095	-117.180953	1.12	ML	2	MURRIETA HOT SPRINGS				
817117	215	N	8	65	50076	R12.7	4.27	33.600809	-117.172643	.6	ML	2	CLINTON KEITH ROAD				
817118	215	S	8	65	50076	R12.7	4.27	33.600901	-117.172845	.6	ML	2	CLINTON KEITH ROAD				
817124	215	N	8	65		R18.6	10.17	33.686267	-117.171749	.9	ML	2	NEWPORT ROAD N/O				
817125	215	S	8	65		R18.6	10.17	33.686219	-117.171946	.9	ML	2	NEWPORT ROAD N/O				
817133	15	N	8	65	50076	10.8	65.315	33.567472	-117.209365	.65	ML	3	CALIFORNIA OAKS ROAD				
817134	15	S	8	65	50076	10.8	65.305	33.567261	-117.209706	.65	ML	3	CALIFORNIA OAKS ROAD				
817143	15	N	8	65	50076	11.6	66.115	33.575299	-117.219606	1.25	ML	3	NUTMEG ROAD S/O				
817144	15	S	8	65	50076	11.6	66.105	33.575084	-117.219938	1.25	ML	3	NUTMEG ROAD S/O				
817172	215	N	8	65		R16.5	8.07	33.655825	-117.171087	.8	ML	2	SCOTT ROAD N/O UC				
817173	215	S	8	65		R16.5	8.07	33.655815	-117.171317	.8	ML	2	SCOTT ROAD N/O UC				
817180	215	N	8	65		R15.7	7.27	33.644182	-117.17108	.6	ML	2	SCOT T ROAD OC				
817181	215	S	8	65		R15.7	7.27	33.644182	-117.17129	.6	ML	2	SCOT T ROAD OC				
817197	10	W	8	71	53896	8.987	55.752	34.067614	-117.561479		OR	2	MILLIKEN AVE				
817198	10	W	8	71	53896	8.987	55.752	34.067614	-117.561479	.545	ML	5	MILLIKEN AVE				
817212	10	E	8	71	53896	9.123	55.888	34.067352	-117.559101		OR	2	MILLIKEN AVE				
817213	10	E	8	71	53896	9.123	55.888	34.067352	-117.559101	.419	ML	5	MILLIKEN AVE				
817368	15	N	8	65		13.8	68.315	33.597809	-117.246503	.5	ML	3	CLINTON KEITH ROAD				
817369	15	S	8	65	50076	13.8	68.305	33.597559	-117.246846	.5	ML	3	CLINTON KEITH ROAD				
817370	15	N	8	65		14.3	68.815	33.603554	-117.251784	.5	ML	3	BAXTER ROAD S/O				
817371	15	S	8	65	50076	14.3	68.805	33.603314	-117.252125	.5	ML	3	BAXTER ROAD S/O				
817372	15	N	8	65		15.2	69.715	33.613942	-117.261198	.6	ML	3	BAXTER ROAD N/O				
817373	15	S	8	65		15.2	69.705	33.613692	-117.261611	.6	ML	3	BAXTER ROAD N/O				
817374	15	N	8	65		16.4	70.915	33.627956	-117.27345	.75	ML	3	BUNDY CANYON ROAD				
817375	15	S	8	65		16.4	70.905	33.627791	-117.273898	.75	ML	3	BUNDY CANYON ROAD				
817376	15	N	8	65		17.5	72.015	33.641724	-117.283119	.9	ML	3	OLIVE STREET UC S/O				
817377	15	S	8	65		17.5	72.005	33.641546	-117.283515	.9	ML	3	OLIVE STREET UC S/O				
817378	15	N	8	65		18.2	72.715	33.650593	-117.289069	.35	ML	3	OLIVE ST. UC NB N/O				
817379	15	S	8	65		18.2	72.705	33.650369	-117.289463	.4	ML	3	OLIVE ST. UC NB N/O				
817380	15	N	8	65		18.2	72.715	33.650593	-117.289069	.4	ML	3	OLIVE ST. UC SB N/O				
817381	15	S	8	65		18.2	72.705	33.650369	-117.289463	.35	ML	3	OLIVE ST UC SB N/O				
817382	15	N	8	65	39486	19.3	73.815	33.663701	-117.299945	.6	ML	3	RAILROAD CANYON RD				
817383	15	S	8	65	39486	19.3	73.805	33.663461	-117.300212	.6	ML	3	RAILROAD CANYON RD				
817384	15	N	8	65	39486	20.2	74.715	33.6718	-117.312214	.7	ML	3	FRANKLIN STREET OC				
817385	15	S	8	65	39486	20.2	74.705	33.671529	-117.312467	.7	ML	3	FRANKLIN STREET OC				
817386	15	N	8	65	39486	21.1	75.615	33.678857	-117.325141	.689	ML	3	MAIN STREET				
817387	15	S	8	65	39486	21.1	75.605	33.678616	-117.325391	.689	ML	3	MAIN STREET				
817388	15	N	8	65	39486	22.4	76.893	33.693488	-117.338829	.8	ML	3	CENTRAL AVE.				
817389	15	S	8	65	39486	22.4	76.883	33.693266	-117.339111	.8	ML	3	CENTRAL AVE.				
817392	15	N	8	65		27.1	81.593	33.731334	-117.400198	.7	ML	3	LAKE STREET				
817393	15	S	8	65		27.1	81.583	33.730982	-117.400243	.7	ML	3	LAKE STREET				
817396	15	N	8	65		30.6	85.093	33.75094	-117.454424	.55	ML	3	INDIAN TRUCK TRAIL				
817397	15	S	8	65		30.6	85.083	33.750672	-117.454638	.55	ML	3	INDIAN TRUCK TRAIL				
817398	15	N	8	65		33.4	87.893	33.778788	-117.488286	.75	ML	3	TEMESCAL CANYON RD				
817399	15	S	8	65		33.4	87.883	33.778537	-117.488504	.75	ML	3	TEMESCAL CANYON RD				
817400	15	N	8	65		35.9	90.393	33.810457	-117.50897	.35	ML	3	WEIRICK ROAD				
817401	15	S	8	65		35.9	90.383	33.810363	-117.509262	.35	ML	3	WEIRICK ROAD				
817402	15	N	8	65		37.1	91.593	33.823945	-117.521594	.5	ML	3	CAJALCO ROAD				
817403	15	S	8	65		37.1	91.583	33.82381	-117.521865	.5	ML	3	CAJALCO ROAD				
817404	15	N	8	65	78120	6.8	61.315	33.524833	-117.164331	.45	ML	4	WINCHESTER RD				
817405	15	S	8	65	78120	6.8	61.305	33.524688	-117.164639	.45	ML	4	WINCHESTER RD				
817544	91	E	8	65	16350	8.027	45.371	33.883317	-117.537445	.064	ML	4	.1 W/O PROMENADE				
817545	91	E	8	65	16350	8.027	45.371	33.883317	-117.537445	.064	HV	1	.1 W/O PROMENADE				
817546	91	E	8	65	16350	8.13	45.474	33.883401	-117.535657	.561	ML	4	.2 E/O PROMENADE				
817547	91	E	8	65	16350	8.13	45.474	33.883401	-117.535657	.561	HV	1	.2 E/O PROMENADE				
817553	60	E	8	65	62000	11.815	52.095	33.995896	-117.363587	.162	ML	4	MAIN ST				
817586	71	S	8	71		R.379	5.329	34.016341	-117.740864	.688	HV	1	RIVERSIDE DR IDS S/O				
817737	15	S	8	65		.5	55.005	33.439221	-117.139262	1.025	ML	4	RAINBOW VALLEY				
817738	15	S	8	65	78120	3.2	57.705	33.477419	-117.13974	.645	ML	4	ROUTE 15/79 SEP.				
817739	15	N	8	65	78120	3.2	57.715	33.477489	-117.139364	.655	ML	4	ROUTE 15/79 SEP.				
817740	15	S	8	65	78120	4.7	59.205	33.497276	-117.149129	.8	ML	4	RANCHO CALIFORNIA				
817741	15	N	8	65	78120	4.7	59.215	33.497398	-117.148737	.8	ML	4	RANCHO CALIFORNIA				
817742	15	S	8	65	78120	5.7	60.205	33.510492	-117.156015	.75	ML	4	RANCHO CALIF. N/O				
817743	15	N	8	65	78120	5.7	60.215	33.51061	-117.155704	.75	ML	4	RANCHO CALIF. N/O				
817744	15	S	8	65	78120	6.6	61.105	33.52215	-117.16295	.55	ML	4	WINCHESTER ROAD				
817745	15	N	8	65	78120	6.6	61.115	33.522306	-117.162615	.55	ML	4	WINCHESTER ROAD				
817746	15	S	8	65	50076	7.5	62.005	33.533549	-117.170592	.8	ML	4	WINCHESTER RD N/O				
817747	15	N	8	65	78120	7.5	62.015	33.533748	-117.170282	.8	ML	5	WINCHESTER RD N/O				
817748	15	S	8	65	50076	9.4	63.905	33.55408	-117.19125	.6	ML	3	MURRIETA HOT SPRINGS				
817749	15	N	8	65	50076	9.4	63.915	33.554339	-117.190931	.6	ML	3	MURRIETA HOT SPRINGS				
817750	15	S	8	65	50076	10.3	64.805	33.562403	-117.203243	.6	ML	3	CALIFORNIA OAKS RD				
817751	15	N	8	65	50076	10.3	64.815	33.562629	-117.202935	.6	ML	3	CALIFORNIA OAKS RD				
817752	15	S	8	65	50076	13.3	67.805	33.591832	-117.241531	1.1	ML	3	CLINTON KEITH ROAD				
817753	15	N	8	65	50076	13.3	67.815	33.592067	-117.241206	1.1	ML	3	CLINTON KEITH ROAD				
817754	15	S	8	65		14.8	69.305	33.609084	-117.257383	.45	ML	3	BAXTER ROAD				
817755	15	N	8	65		14.8	69.315	33.609314	-117.25703	.45	ML	3	BAXTER ROAD				
817756	15	S	8	65		16	70.505	33.62298	-117.269997	.6	ML	3	BUNDY CANYON ROAD				
817757	15	N	8	65		16	70.515	33.62315	-117.269575	.6	ML	3	BUNDY CANYON ROAD				
817758	15	S	8	65	39486	19	73.505	33.660171	-117.296799	.55	ML	3	RAILROAD CANYON RD				
817759	15	N	8	65	39486	19	73.515	33.660391	-117.296525	.55	ML	3	RAILROAD CANYON RD				
817760	15	S	8	65	39486	20.7	75.205	33.674907	-117.320107	.45	ML	3	MAIN STREET				
817761	15	N	8	65	39486	20.7	75.215	33.675169	-117.319849	.45	ML	3	MAIN STREET				
817762	15	S	8	65	39486	22.1	76.583	33.689862	-117.335735	.639	ML	3	CENTRAL AVE.				
817763	15	N	8	65	39486	22.1	76.593	33.690092	-117.335453	.639	ML	3	CENTRAL AVE.				
817764	15	S	8	65	39486	23.7	78.183	33.705341	-117.35645	1.7	ML	3	NICHOLS ROAD				
817765	15	N	8	65	39486	23.7	78.193	33.705512	-117.356109	1.7	ML	3	NICHOLS ROAD				
817768	15	S	8	65		25.8	80.283	33.727501	-117.378219	1.45	ML	3	GAVILAN WASH N/O				
817769	15	N	8	65		25.8	80.293	33.727828	-117.378106	1.45	ML	3	GAVILAN WASH N/O				
817770	15	S	8	65		26.6	81.083	33.729874	-117.391752	.65	ML	3	LAKE STREET				
817771	15	N	8	65		26.6	81.093	33.730194	-117.391749	.65	ML	3	LAKE STREET				
817772	15	S	8	65		28	82.483	33.733177	-117.415347	.95	ML	3	TEMESCAL WASH				
817773	15	N	8	65		28	82.493	33.7335	-117.415214	.95	ML	3	TEMESCAL WASH				
817774	15	S	8	65		29	83.483	33.74029	-117.430398	1.15	ML	3	HORSETHIEF WASH				
817775	15	N	8	65		29	83.493	33.740555	-117.430165	1.15	ML	3	HORSETHIEF WASH				
817776	15	S	8	65		30.3	84.783	33.747599	-117.451008	.8	ML	3	INDIAN TRUCK TRAIL				
817777	15	N	8	65		30.3	84.793	33.747852	-117.450795	.8	ML	3	INDIAN TRUCK TRAIL				
817778	15	S	8	65		31.4	85.883	33.758791	-117.46433	.85	ML	3	TEMESCAL CANYON UC				
817779	15	N	8	65		31.4	85.893	33.759053	-117.464114	.85	ML	3	TEMESCAL CANYON UC				
817780	15	S	8	65		32.3	86.783	33.766056	-117.476933	.8	ML	3	MAYHEW WASH				
817781	15	N	8	65		32.3	86.793	33.766306	-117.476727	.8	ML	3	MAYHEW WASH				
817782	15	S	8	65		33	87.483	33.773326	-117.48537	.55	ML	3	TEMESCAL CANYON RD				
817783	15	N	8	65		33	87.493	33.773587	-117.485159	.55	ML	3	TEMESCAL CANYON RD				
817784	15	S	8	65		34.5	88.983	33.792275	-117.498278	1.1	ML	3	BROWN CANYON WASH				
817785	15	N	8	65		34.5	88.993	33.79244	-117.498019	1.1	ML	3	BROWN CANYON WASH				
817786	15	S	8	65		35.6	90.083	33.806379	-117.507256	.7	ML	3	WEIRICK ROAD				
817787	15	N	8	65		35.6	90.093	33.806484	-117.506894	.7	ML	3	WEIRICK ROAD				
817788	15	S	8	65		36.3	90.783	33.8155	-117.512331	.45	ML	3	BEDFORD WASH				
817789	15	N	8	65		36.3	90.793	33.815628	-117.512036	.45	ML	3	BEDFORD WASH				
817790	15	S	8	65		36.8	91.283	33.820788	-117.51814	.4	ML	3	CAJALCO ROAD				
817791	15	N	8	65		36.8	91.293	33.820931	-117.517878	.4	ML	3	CAJALCO ROAD				
817792	15	S	8	65		37.8	92.283	33.831517	-117.529573	1.069	ML	3	EL CERRITO ROAD				
817793	15	N	8	65		37.8	92.293	33.831626	-117.529272	.913	ML	3	EL CERRITO ROAD				
817794	215	S	8	65	50076	R8.43	0	33.53796	-117.17353	.535	ML	5	ROUTE 15/215 SEP.				
817795	215	N	8	65	50076	R8.43	0	33.54205	-117.17574	.535	ML	5	ROUTE 15/215 SEP.				
817796	215	S	8	65	50076	R9.6	1.17	33.557492	-117.180943	.95	ML	2	MURRIETA HOT SPRINGS				
817797	215	N	8	65	50076	R9.6	1.17	33.557499	-117.180749	.95	ML	2	MURRIETA HOT SPRINGS				
817798	215	S	8	65	50076	R11.4	2.97	33.583136	-117.181037	1.3	ML	2	CLINTON KEITH RD S/O				
817799	215	N	8	65	50076	R11.4	2.97	33.583134	-117.180804	1.3	ML	2	CLINTON KEITH RD S/O				
817800	215	S	8	65	50076	R12.2	3.77	33.594559	-117.177734	.65	ML	2	CLINTON KEITH ROAD				
817801	215	N	8	65	50076	R12.2	3.77	33.594479	-117.177513	.65	ML	2	CLINTON KEITH ROAD				
817802	215	S	8	65	50076	R13.4	4.97	33.610863	-117.17134	.65	ML	2	CLINTON KEITH RD N/O				
817803	215	N	8	65	50076	R13.4	4.97	33.610806	-117.17112	.65	ML	2	CLINTON KEITH RD N/O				
817806	215	S	8	65		R18.2	9.77	33.680534	-117.170967	.65	ML	2	NEWPORT ROAD S/O				
817807	215	N	8	65		R18.2	9.77	33.680561	-117.17076	.65	ML	2	NEWPORT ROAD S/O				
817810	215	S	8	65		R20.5	12.07	33.710294	-117.187891	2.75	ML	2	McCALL ROAD S/O				
817811	215	N	8	65		R20.5	12.07	33.710321	-117.187594	2.75	ML	2	McCALL ROAD S/O				
817812	215	S	8	65	50076	R14	5.57	33.619554	-117.171323	.65	ML	2	KELLER RD OC S/O				
817813	215	N	8	65		R14	5.57	33.619529	-117.171106	.65	ML	2	KELLER RD OC S/O				
817815	215	S	8	65		R17.3	8.87	33.667445	-117.171029	.85	ML	2	NEWPORT ROAD S/O				
817819	215	N	8	65		R17.3	8.87	33.667464	-117.170803	.85	ML	2	NEWPORT ROAD S/O				
817820	215	S	8	65		R20	11.57	33.704018	-117.183511	.95	ML	2	McCALL BLVD S/O				
817821	215	N	8	65		R20	11.57	33.704058	-117.183264	.95	ML	2	McCALL BLVD S/O				
817822	215	S	8	65		R14.7	6.27	33.629694	-117.17127	.65	ML	2	KELLER ROAD OC (N)				
817823	215	N	8	65		R14.7	6.27	33.629702	-117.17105	.65	ML	2	KELLER ROAD OC (N)				
817824	215	S	8	65		R15.3	6.87	33.638379	-117.17128	.5	ML	2	SCOTT ROAD (SB)				
817825	215	N	8	65		R15.3	6.87	33.638386	-117.17106	.5	ML	2	SCOTT ROAD (SB)				
