ID	Fwy	Dir	District	County	City	State_PM	Abs_PM	Latitude	Longitude	Length	Type	Lanes	Name	User_ID_1	User_ID_2	User_ID_3	User_ID_4
801230	10	W	8	71	48788	.58	47.345	34.081983	-117.700152	.839	ML	4	MONTE VISTA	1			
801231	10	W	8	71	48788	.578	47.343	34.081979	-117.700186		OR	2	MONTE VISTA	1			
801232	10	E	8	71	48788	.77	47.535	34.082366	-117.696893	1.031	ML	4	MONTE VISTA	2			
801233	10	E	8	71	48788	.801	47.566	34.082515	-117.696383		OR	2	MONTE VISTA	2			
801234	10	W	8	71	48788	1.168	47.933	34.085065	-117.690768	.666	ML	4	CENTRAL	3			
801236	10	W	8	71	48788	1.148	47.913	34.084928	-117.691072		OR	2	CENTRAL	3			
801237	10	E	8	71	48788	1.361	48.126	34.086174	-117.687669	.569	ML	4	CENTRAL	4			
801238	10	E	8	71	48788	1.361	48.126	34.086174	-117.687669		OR	2	CENTRAL	4			
801239	10	E	8	71	81344	1.908	48.673	34.087191	-117.67832	.573	ML	4	.14 E/O BENSON	5			
801241	10	W	8	71	81344	2.236	49.001	34.087444	-117.672658	.513	ML	4	MOUNTAIN	6			
801242	10	W	8	71	81344	2.236	49.001	34.087444	-117.672658		OR	2	MOUNTAIN	6			
801243	10	E	8	71	81344	2.508	49.273	34.087205	-117.667846	.512	ML	4	MOUNTAIN	7			
801244	10	E	8	71	81344	2.508	49.273	34.087205	-117.667846		OR	2	MOUNTAIN	7			
801245	10	E	8	71	81344	2.932	49.697	34.087226	-117.660445	.549	ML	4	.01 E/O SAN ANTONIO	8			
801248	10	W	8	71	81344	3.544	50.309	34.087474	-117.649739	.611	ML	4	EUCLID LOOP	10			
801249	10	W	8	71	81344	3.545	50.31	34.087474	-117.649722		OR	1	EUCLID LOOP	10			
801250	10	E	8	71	81344	3.605	50.37	34.087268	-117.648702	.613	ML	4	EUCLID	11			
801252	10	E	8	71	81344	3.596	50.361	34.087267	-117.648858		OR	1	EUCLID	11			
801255	10	E	8	71	81344	4.636	51.401	34.082592	-117.632187	.588	ML	4	.25 W/O GROVE	13			
801259	10	W	8	71	53896	5.164	51.929	34.078419	-117.624451	.943	ML	4	4TH ST	15			
801260	10	W	8	71	53896	5.164	51.929	34.078419	-117.624451		OR	2	4TH ST	15			
801261	10	E	8	71	53896	5.335	52.1	34.076808	-117.622187	.81	ML	4	4TH ST	16			
801262	10	E	8	71	53896	5.335	52.1	34.076808	-117.622187		OR	2	4TH ST	16			
801265	10	W	8	71	53896	6.045	52.81	34.071138	-117.611829	.484	ML	4	VINEYARD	18			
801266	10	W	8	71	53896	6.045	52.81	34.071138	-117.611829		OR	1	VINEYARD	18			
801267	10	W	8	71	53896	6.133	52.898	34.070465	-117.610528	.385	ML	4	VINEYARD LOOP	19			
801268	10	W	8	71	53896	6.126	52.891	34.070519	-117.610631		OR	1	VINEYARD LOOP	19			
801269	10	E	8	71	53896	6.257	53.022	34.069468	-117.608734	.822	ML	4	VINEYARD	20			
801270	10	E	8	71	53896	6.299	53.064	34.069226	-117.60806		OR	2	VINEYARD	20			
801271	10	W	8	71	53896	6.8	53.565	34.068056	-117.599428		OR	2	ARCHIBALD	21			
801273	10	E	8	71	53896	6.98	53.745	34.067505	-117.596444		OR	1	HOLT BLVD	22			
801275	10	E	8	71	53896	7.311	54.076	34.067475	-117.590669		OR	3	ARCHIBALD	23			
801277	10	W	8	71	53896	7.788	54.553	34.067702	-117.582357	.204	ML	4	.5 E/O ARCHIBALD	24			
801279	10	W	8	71	53896	8.038	54.803	34.067681	-117.578004	.251	ML	4	HAVEN	25			
801281	10	W	8	71	53896	8.038	54.803	34.067681	-117.578004		OR	2	HAVEN	25			
801282	10	W	8	71	53896	8.29	55.055	34.06767	-117.573615	.671	ML	4	HAVEN LOOP	26			
801283	10	W	8	71	53896	8.228	54.993	34.067676	-117.574695		OR	2	HAVEN LOOP	26			
801284	10	E	8	71	53896	8.288	55.053	34.067448	-117.573649	.217	ML	4	HAVEN	27			
801285	10	E	8	71	53896	8.283	55.048	34.067449	-117.573736		OR	2	HAVEN	27			
801286	10	E	8	71	53896	8.108	54.873	34.06745	-117.576784	.25	ML	4	HAVEN LOOP	28			
801287	10	E	8	71	53896	8.108	54.873	34.06745	-117.576784		OR	2	HAVEN LOOP	28			
801288	10	E	8	71	53896	8.543	55.308	34.067404	-117.569207	.546	ML	4	2000' E/O HAVEN	29			
801290	15	N	8	65	16350	38.926	93.419	33.847078	-117.534347	2.753	ML	4	ONTARIO	30			
801292	15	N	8	65	16350	38.926	93.419	33.847078	-117.534347		OR	2	ONTARIO	30			
801301	15	N	8	65	16350	40.508	95.001	33.867871	-117.54329	.615	ML	3	MAGNOLIA	31			
801303	15	N	8	65	16350	40.508	95.001	33.867871	-117.54329		OR	1	MAGNOLIA	31			
801320	15	S	8	65	16350	42.734	97.217	33.896559	-117.55927	1	ML	4	YUMA	32			
801321	15	S	8	65	16350	42.734	97.217	33.896559	-117.55927		OR	2	HIDDEN VALLEY	32			
801323	15	N	8	65	16350	43.023	97.516	33.900788	-117.559985		OR	2	HIDDEN VALLEY	33			
801324	15	S	8	65	51560	43.458	97.941	33.907044	-117.559495	.633	ML	4	2ND	34			
801326	15	S	8	65	51560	43.477	97.96	33.907319	-117.559432		OR	1	2ND	34			
801327	15	N	8	65	51560	43.692	98.185	33.910359	-117.558301	1.076	ML	4	N/O 2nd St	35			
801329	15	N	8	65	51560	43.967	98.46	33.914275	-117.55745	.153	ML	3	0.3 N/O 2ND	36			
801331	15	N	8	65	51560	44.194	98.687	33.917527	-117.556895	.347	ML	3	.08 N/O 3RD ST	37			
801335	15	N	8	65	51560	44.694	99.187	33.924745	-117.556298	.553	ML	3	.02 N/O 4TH ST	38			
801337	60	W	8	71	13210	R1.169	31.766	34.030239	-117.710395	1.664	ML	4	RAMONA	39			
801339	60	W	8	71	13210	R1.182	31.779	34.030255	-117.710169		OR	1	RAMONA	39			
801340	60	E	8	71	13210	R1.485	32.082	34.030056	-117.704815	.731	ML	4	RAMONA	40			
801342	60	E	8	71	13210	R1.485	32.082	34.030056	-117.704815		OR	1	RAMONA	40			
801343	60	W	8	71	13210	R2.165	32.762	34.030386	-117.693001	1.127	ML	4	CENTRAL	41			
801345	60	W	8	71	13210	R2.174	32.771	34.030387	-117.692844		OR	1	CENTRAL	41			
801346	60	E	8	71	13210	R2.542	33.139	34.030152	-117.68643	1.152	ML	4	CENTRAL	42			
801348	60	E	8	71	13210	R2.542	33.139	34.030152	-117.68643		OR	1	CENTRAL	42			
801349	60	W	8	71	13210	R3.422	34.019	34.030502	-117.671087	1.111	ML	4	MOUNTAIN WB ON	43			
801351	60	W	8	71	13210	R3.448	34.045	34.030504	-117.670634		OR	1	MOUNTAIN WB ON	43			
801352	60	E	8	71	13210	R3.789	34.386	34.030268	-117.664687	.724	ML	4	MOUNTAIN	44			
801354	60	E	8	71	13210	R3.789	34.386	34.030268	-117.664687		OR	1	MOUNTAIN	44			
801355	60	W	8	71	13210	R4.387	34.984	34.03055	-117.654217	1.145	ML	4	EUCLID	45			
801357	60	W	8	71	53896	R4.398	34.995	34.03055	-117.654025		OR	1	EUCLID	45			
801358	60	E	8	71	53896	R4.779	35.376	34.03033	-117.647377	.65	ML	4	EUCLID	46			
801360	60	E	8	71	53896	R4.779	35.376	34.03033	-117.647377		OR	1	EUCLID	46			
801361	60	W	8	71	53896	R5.713	36.31	34.030623	-117.631124	1.159	ML	4	GROVE	47			
801363	60	W	8	71	53896	R5.699	36.296	34.030622	-117.631368		OR	2	GROVE	47			
801364	60	E	8	71	53896	R6.039	36.636	34.030392	-117.625446	.882	ML	4	GROVE	48			
801366	60	E	8	71	53896	R6.039	36.636	34.030392	-117.625446		OR	2	GROVE	48			
801367	60	W	8	71	53896	R6.704	37.301	34.03068	-117.61388	1.01	ML	4	VINEYARD	49			
801369	60	W	8	71	53896	R6.694	37.291	34.030679	-117.614054		OR	1	VINEYARD	49			
801370	60	E	8	71	53896	R7.054	37.651	34.03045	-117.607779	1.001	ML	4	VINEYARD	50			
801372	60	E	8	71	53896	R7.054	37.651	34.03045	-117.607779		OR	1	VINEYARD	50			
801373	60	W	8	71	53896	R7.733	38.33	34.0307	-117.595966	1	ML	4	ARCHIBALD	51			
801375	60	W	8	71	53896	R7.707	38.304	34.0307	-117.596418		OR	2	ARCHIBALD	51			
801376	60	E	8	71	53896	R8.043	38.64	34.030487	-117.590566	.638	ML	4	ARCHIBALD	52			
801378	60	E	8	71	53896	R8.061	38.658	34.030485	-117.590253		OR	2	ARCHIBALD	52			
801379	60	W	8	71	53896	R8.704	39.301	34.029996	-117.57913	1.005	ML	4	HAVEN	53			
801381	60	W	8	71	53896	R8.712	39.309	34.029962	-117.578997		OR	2	HAVEN	53			
801383	60	E	8	71	53896	R9.046	39.643	34.028196	-117.57346	.63	ML	4	HAVEN	54			
801385	60	E	8	71	53896	R9.057	39.654	34.028146	-117.573279		OR	1	HAVEN	54			
801387	60	W	8	71	53896	R9.744	40.341	34.025205	-117.561924	.779	ML	4	MILLIKEN	55			
801389	60	W	8	71	53896	R9.754	40.351	34.025157	-117.56176		OR	1	MILLIKEN	55			
801390	60	E	8	65		R9.754	50.034	34.004792	-117.397004	.73	ML	4	MILLIKEN	56			
801392	60	E	8	65		R9.754	50.034	34.004792	-117.397004		OR	1	MILLIKEN	56			
801393	60	W	8	65	62000	13.392	53.513	33.942498	-117.277554		OR	1	DAY	57			
801394	60	E	8	65	62000	13.447	53.568	33.942128	-117.276661	1.35	ML	2	DAY	58			
801396	60	E	8	65	62000	13.447	53.568	33.942128	-117.276661		OR	2	DAY	58			
801397	60	W	8	65	62000	14.168	54.289	33.940876	-117.264242	.51	ML	2	PIGEON PASS	59			
801399	60	W	8	65	62000	14.168	54.289	33.940876	-117.264242		OR	2	PIGEON PASS	59			
801400	60	W	8	65	49270	14.412	54.533	33.940948	-117.259999	.499	ML	2	PIGEON PASS  LOOP	60			
801401	60	W	8	65	49270	14.412	54.533	33.940948	-117.259999		OR	1	PIGEON PASS  LOOP	60			
801402	60	E	8	65	49270	14.509	54.63	33.940779	-117.258321	1.024	ML	2	PIGEON PASS	61			
801403	60	E	8	65	49270	14.509	54.63	33.940779	-117.258321		OR	2	PIGEON PASS	61			
801404	60	W	8	65	49270	15.166	55.287	33.941149	-117.246877	.892	ML	2	HEACOCK	62			
801406	60	W	8	65	49270	15.166	55.287	33.941149	-117.246877		OR	2	HEACOCK	62			
801407	60	E	8	65	49270	15.495	55.616	33.941022	-117.241174	1.046	ML	2	HEACOCK	63			
801409	60	E	8	65	49270	15.495	55.616	33.941022	-117.241174		OR	1	HEACOCK	63			
801410	60	W	8	65	49270	16.195	56.316	33.94038	-117.229089	3.014	ML	2	PERRIS	64			
801412	60	W	8	65	49270	16.195	56.316	33.94038	-117.229089		OR	2	PERRIS	64			
801415	91	E	8	65		R.413	37.645	33.871875	-117.665633	.945	ML	4	.41 E/O CO LINE	65			
801416	91	E	8	65		R.413	37.645	33.871875	-117.665633	.945	HV	1	2180' E/O CO LINE	65			
801418	91	W	8	65		R.915	38.233	33.877414	-117.659427	1.675	ML	4	GREEN RIVER	66			
801421	91	W	8	65		R.995	38.313	33.878243	-117.658393		OR	3	GREEN RIVER	66			
801428	91	E	8	65		R1.614	38.846	33.881468	-117.64838	1.077	ML	4	.45 W/O RTE 71	68			
801429	91	E	8	65		R1.614	38.846	33.881468	-117.64838	1.077	HV	1	2400' W/O RTE 71	68			
801435	91	E	8	65		R2.569	39.801	33.884647	-117.632335	.592	ML	4	RTE 71	70			
801436	91	E	8	65		R2.569	39.801	33.884647	-117.632335	.592	HV	1	RTE 71	70			
801437	91	E	8	65		R2.569	39.801	33.884647	-117.632335		OR	2	RTE 71	70			
801442	91	E	8	65		R3.054	40.286	33.882487	-117.624363	.511	ML	4	.66 W/O SERFAS CL	71			
801443	91	E	8	65		R3.054	40.286	33.882487	-117.624363	.511	HV	1	3500' W/O SERFAS CL	71			
801445	91	W	8	65		R3.555	40.873	33.881196	-117.615867	.765	ML	4	SERFAS CLUB	72			
801446	91	W	8	65		R3.555	40.873	33.881196	-117.615867	1.664	HV	1	SERFAS CLUB	72			
801448	91	W	8	65		R3.555	40.873	33.881196	-117.615867		OR	3	SERFAS CLUB	72			
801449	91	E	8	65		R3.822	41.054	33.88042	-117.611284	.65	ML	4	SERFAS CLUB	73			
801450	91	E	8	65		R3.822	41.054	33.88042	-117.611284	.65	HV	1	SERFAS CLUB	73			
801452	91	E	8	65		R3.815	41.047	33.880436	-117.611405		OR	2	SERFAS CLUB	73			
801455	91	W	8	65	16350	4.218	41.648	33.880421	-117.602524	.528	ML	4	MAPLE	74			
801456	91	W	8	65	16350	4.21	41.64	33.880399	-117.60266		OR	2	MAPLE	74			
801457	91	E	8	65	16350	4.241	41.585	33.880347	-117.602096	.395	ML	4	MAPLE	75			
801458	91	E	8	65	16350	4.241	41.585	33.880347	-117.602096	.395	HV	1	MAPLE	75			
801460	91	E	8	65	16350	4.234	41.578	33.880327	-117.602215		OR	2	MAPLE	75			
801464	91	E	8	65	16350	4.75	42.094	33.881713	-117.593399	.502	ML	4	.02 E/O SMITH	76			
801465	91	E	8	65	16350	4.75	42.094	33.881713	-117.593399	.502	HV	1	100' E/O SMITH	76			
801469	91	W	8	65	16350	5.28	42.71	33.882116	-117.584327	.695	ML	4	LINCOLN	77			
801470	91	W	8	65	16350	5.28	42.71	33.882116	-117.584327	.695	HV	1	LINCOLN	77			
801472	91	W	8	65	16350	5.294	42.724	33.882091	-117.584085		OR	3	LINCOLN	77			
801473	91	E	8	65	16350	5.504	42.848	33.881537	-117.580389	.871	ML	4	LINCOLN	78			
801474	91	E	8	65	16350	5.504	42.848	33.881537	-117.580389	.871	HV	1	LINCOLN	78			
801476	91	E	8	65	16350	5.498	42.842	33.881549	-117.580492		OR	2	LINCOLN	78			
801477	91	W	8	65	16350	5.89	43.32	33.881003	-117.573819	.478	ML	4	GRAND	79			
801478	91	W	8	65	16350	5.89	43.32	33.881003	-117.573819	.478	HV	1	GRAND	79			
801480	91	W	8	65	16350	5.899	43.329	33.880985	-117.573664		OR	1	GRAND	79			
801481	91	W	8	65	16350	6.237	43.667	33.88036	-117.567844	.454	ML	4	MAIN	80			
801482	91	W	8	65	16350	6.237	43.667	33.88036	-117.567844	.454	HV	1	MAIN	80			
801484	91	W	8	65	16350	6.241	43.671	33.880353	-117.567775		OR	2	MAIN	80			
801485	91	E	8	65	16350	6.492	43.836	33.879688	-117.563356	.623	ML	4	MAIN	81			
801486	91	E	8	65	16350	6.492	43.836	33.879688	-117.563356	.623	HV	1	MAIN	81			
801487	91	E	8	65	16350	6.457	43.801	33.879761	-117.563959		OR	3	MAIN	81			
801488	91	E	8	65	16350	6.751	44.095	33.879193	-117.558894	.154	ML	4	.09 E/O EAST GRAND	82			
801489	91	E	8	65	16350	6.751	44.095	33.879193	-117.558894	.154	HV	1	500'E/O EAST GRAND	82			
801490	91	W	8	65	16350	9.09	46.52	33.885703	-117.519441	1.6	ML	3	MCKINLEY	83			
801491	91	W	8	65	16350	9.09	46.52	33.885703	-117.519441	1	HV	1	MCKINLEY	83			
801492	91	W	8	65	16350	9.09	46.52	33.885703	-117.519441		OR	3	MCKINLEY	83			
801493	91	E	8	65	16350	9.23	46.574	33.886508	-117.517184	.425	ML	3	MCKINLEY	84			
801495	91	E	8	65	16350	9.324	46.668	33.887191	-117.515766		OR	1	MCKINLEY	84			
801496	91	W	8	65	62000	10.724	48.154	33.897117	-117.494526	.526	ML	3	PIERCE	85			
801497	91	W	8	65	62000	10.724	48.154	33.897117	-117.494526	.526	HV	1	PIERCE	85			
801498	91	W	8	65	62000	10.638	48.068	33.89671	-117.495937		OR	2	PIERCE	85			
801499	91	W	8	65	62000	11.052	48.482	33.897372	-117.488881	.578	ML	3	MAGNOLIA	86			
801500	91	W	8	65	62000	11.052	48.482	33.897372	-117.488881	.601	HV	1	MAGNOLIA	86			
801501	91	W	8	65	62000	11.052	48.482	33.897372	-117.488881		OR	1	MAGNOLIA	86			
801502	91	E	8	65	62000	11.219	48.563	33.896796	-117.485867	1.096	ML	3	MAGNOLIA	87			
801503	91	E	8	65	62000	11.219	48.563	33.896796	-117.485867	1.082	HV	1	MAGNOLIA	87			
801504	91	E	8	65	62000	11.219	48.563	33.896796	-117.485867		OR	1	MAGNOLIA	87			
801505	91	W	8	65	62000	11.88	49.31	33.899363	-117.475206	.724	ML	3	LA SIERRA	88			
801507	91	W	8	65	62000	11.894	49.324	33.899464	-117.474994		OR	2	LA SIERRA	88			
801508	91	E	8	65	62000	12.176	49.52	33.900809	-117.4703		OR	2	LA SIERRA	89			
801509	91	E	8	65	62000	12.192	49.536	33.900862	-117.470028	.64	ML	3	LA SIERRA	89			
801511	91	W	8	65	62000	12.907	50.337	33.905268	-117.458919	.738	ML	3	TYLER	90			
801513	91	W	8	65	62000	12.923	50.353	33.905397	-117.458688		OR	2	TYLER	90			
801514	91	E	8	65	62000	13.179	50.523	33.907347	-117.45486		OR	2	TYLER	91			
801515	91	E	8	65	62000	13.196	50.54	33.907487	-117.454615	.857	ML	3	TYLER	91			
801517	91	W	8	65	62000	13.977	51.407	33.914026	-117.443515	1.325	ML	3	VAN BUREN	92			
801519	91	W	8	65	62000	14.016	51.446	33.914346	-117.442954		OR	2	VAN BUREN	92			
801520	91	E	8	65	62000	14.213	51.557	33.915829	-117.439993	.759	ML	3	VAN BUREN	93			
801522	91	E	8	65	62000	14.232	51.576	33.915986	-117.439721		OR	2	VAN BUREN	93			
801523	91	E	8	65	62000	14.714	52.058	33.919915	-117.432776	.75	ML	4	.11 E/O JACKSON	94			
801527	91	W	8	65	62000	15.556	52.986	33.926926	-117.42083	1.306	ML	3	ADAMS	96			
801529	91	W	8	65	62000	15.556	52.986	33.926926	-117.42083		OR	2	ADAMS	96			
801530	91	E	8	65	62000	15.713	53.057	33.928077	-117.418405	.766	ML	3	ADAMS	97			
801532	91	E	8	65	62000	15.713	53.057	33.928077	-117.418405		OR	2	ADAMS	97			
801533	91	E	8	65	62000	16.247	53.591	33.932457	-117.410737	.519	ML	3	.09 E/O JEFFERSON	98			
801535	91	W	8	65	62000	16.59	54.02	33.935381	-117.405979	1.084	ML	4	MADISON	99			
801537	91	W	8	65	62000	16.581	54.011	33.935308	-117.406109		OR	2	MADISON	99			
801538	91	E	8	65	62000	16.751	54.095	33.936564	-117.403479	.515	ML	3	MADISON	100			
801540	91	E	8	65	62000	16.756	54.1	33.936604	-117.403407		OR	2	MADISON	100			
801541	91	E	8	65	62000	17.278	54.622	33.941008	-117.396017	.595	ML	3	3000' W/O ARLINGTON	101			
801543	91	W	8	65	62000	17.724	55.154	33.945336	-117.390312	.879	ML	3	ARLINGTON WB ON	102			
801545	91	W	8	65	62000	17.712	55.142	33.945222	-117.39047		OR	2	ARLINGTON	102			
801546	91	E	8	65	62000	17.943	55.287	33.947366	-117.387307	.621	ML	3	ARLINGTON	103			
801548	91	E	8	65	62000	17.94	55.284	33.947336	-117.387345		OR	2	ARLINGTON	103			
801549	91	W	8	65	62000	18.347	55.777	33.952735	-117.384542	.738	ML	3	CENTRAL	104			
801551	91	W	8	65	62000	18.342	55.772	33.95267	-117.38458		OR	2	CENTRAL WB ON	104			
801552	91	E	8	65	62000	18.522	55.866	33.954619	-117.382511	.628	ML	3	CENTRAL EB ON	105			
801554	91	E	8	65	62000	18.536	55.88	33.95476	-117.382336		OR	2	CENTRAL	105			
801559	91	W	8	65	62000	19.899	57.329	33.972548	-117.374122	.575	ML	3	14TH WB ON	108			
801561	91	W	8	65	62000	19.882	57.312	33.97233	-117.37426		OR	2	14TH	108			
801562	91	E	8	65	62000	20.076	57.42	33.974743	-117.372535	2.012	ML	3	14TH EB ON	109			
801564	91	E	8	65	62000	20.076	57.42	33.974743	-117.372535		OR	2	14TH EB ON	109			
801565	91	W	8	65	62000	20.352	57.782	33.9786	-117.371206	1.533	ML	3	9TH WB ON	110			
801567	91	W	8	65	62000	20.352	57.782	33.9786	-117.371206		OR	2	9TH WB ON	110			
801595	215	N	8	65	62000	45.055	37.029	34.015909	-117.342097	2.871	ML	3	COLUMBIA WB ON	120			
801597	215	N	8	65	62000	45.055	37.029	34.015909	-117.342097		OR	2	COLUMBIA WB ON	120			
805627	15	S	8	71	53896	.824	107.588	34.045432	-117.550418	1.276	ML	4	JURUPA				
805629	15	S	8	71	53896	.765	107.529	34.044576	-117.550436		OR	2	JURUPA				
805631	15	N	8	71	53896	1.197	107.971	34.050735	-117.548828	1.473	ML	5	JURUPA				
805633	15	N	8	71	53896	1.229	108.003	34.051171	-117.54864		OR	2	JURUPA				
805941	215	N	8	71	14890	4.1	41.407	34.064776	-117.29615	3.014	ML	3	.09 N/O I 10	7282151			
805942	215	S	8	71	65000	4.855	42.162	34.07566	-117.295753		OR	1	ORANGE SHOW SB ON	7282152			
805943	215	S	8	71	65000	5.061	42.368	34.078489	-117.29679		OR	1	ORANGE SHOW SB L ON	7282153			
805944	215	S	8	71	65000	5.947	43.254	34.090451	-117.301957	.625	ML	3	HUFF ST SB ON	7282157			
805945	215	N	8	71	65000	5.128	42.435	34.079417	-117.297146		OR	1	ORANGE SHOW NB ON	7282154			
805946	215	S	8	71	65000	5.433	42.74	34.083262	-117.299897		OR	1	INLAND CENTER SB ON	7282155			
805947	215	N	8	71	65000	5.534	42.841	34.084626	-117.30056		OR	1	INLAND CENTER NB ON	7282156			
805948	215	S	8	71	65000	5.947	43.254	34.090451	-117.301957		OR	1	HUFF ST SB ON	7282157			
805950	215	S	8	71	65000	6.683	43.99	34.101134	-117.301938		OR	1	SECOND ST SB ON	7282159			
805951	215	N	8	71	65000	6.919	44.226	34.104527	-117.301936		OR	1	SECOND ST NB ON	72821510			
805952	215	S	8	71	65000	6.935	44.242	34.104757	-117.302304		OR	1	4TH ST SB ON	72821511			
805953	215	N	8	71	65000	7.102	44.409	34.107149	-117.302359		OR	1	4TH ST NB ON	72821512			
805954	215	S	8	71	65000	6.683	43.99	34.101134	-117.301938	.494	ML	4	SECOND ST  SB  ON	7282159			
805955	215	S	8	71	65000	6.935	44.242	34.104757	-117.302304	2.626	ML	4	4TH ST SB  ON	72821511			
805956	215	S	8	71	65000	5.061	42.368	34.078489	-117.29679	.289	ML	4	ORANGE SHOW SB L ON	7282153			
806019	215	S	8	71	65000	4.855	42.162	34.07566	-117.295753	.48	ML	4	ORANGE SHOW SB ON	7282152			
806027	215	N	8	71	65000	5.128	42.435	34.079417	-117.297146	.717	ML	4	ORANGE SHOW NB ON	7282154			
806030	215	N	8	71	65000	5.534	42.841	34.084626	-117.30056	.538	ML	3	INLAND CENTER NB ON	7282156			
806033	215	N	8	71	65000	6.204	43.511	34.094196	-117.30177	.692	ML	3	MILL ST NB ON	7282158			
806039	215	S	8	71	65000	5.433	42.74	34.083262	-117.299897	.443	ML	3	INLAND CENTER SB ON	7282155			
806040	215	N	8	71	65000	6.919	44.226	34.104527	-117.301936	.448	ML	3	SECOND ST NB ON	72821510			
806041	215	N	8	71	65000	7.102	44.409	34.107149	-117.302359	2.591	ML	3	4TH ST NB ON	72821512			
806048	10	W	8	71	48788	1.168	47.933	34.085065	-117.690768	.66	HV	1	CENTRAL	3			
806068	10	W	8	71	48788	.591	47.356	34.082004	-117.699964	.845	HV	1	MONTE VISTA	1			
806108	10	E	8	71	53896	8.108	54.873	34.06745	-117.576784	.216	HV	1	HAVEN LOOP	28			
806176	15	N	8	65		39.431	93.924	33.854227	-117.535177	.383	ML	4	.01 N/O Temescal OC	132			
806191	15	N	8	65		39.693	94.186	33.858025	-117.535704	.17	ML	4	.25 N/O Old Temescal	133			
806212	15	N	8	65		41	95.493	33.874862	-117.545196	.253	ML	4	.5 N/O MAGNOLIA  ON	134			
806218	15	N	8	65		41.015	95.508	33.875086	-117.545245	.229	ML	4	100 FT S/O CORONA OC	135			
806224	15	N	8	65	16350	41.458	95.951	33.881283	-117.546824	.399	ML	4	.19 S/O Jct 15/91	136			
806266	91	W	8	65	62000	16.588	54.018	33.935365	-117.406008	3.011	HV	1	MADISON	99			
806288	10	E	8	71	48788	.721	47.486	34.082149	-117.697705	.996	HV	1	MONTE VISTA	2			
806348	60	W	8	71	53896	R9.744	40.341	34.025205	-117.561924	.779	HV	1	MILLIKEN	55			
806367	60	W	8	71	53896	R8.704	39.301	34.029996	-117.57913	1.021	HV	1	HAVEN	53			
806370	60	E	8	71	53896	R9.067	39.664	34.0281	-117.573115	1.304	HV	1	HAVEN	54			
806388	60	E	8	65		R.229	40.784	34.022874	-117.554635	2.684	HV	1	MILLIKEN	56			
806391	60	E	8	71	53896	R8.071	38.668	34.030485	-117.590079	.633	HV	1	ARCHIBALD	52			
806394	60	W	8	71	53896	R7.702	38.299	34.0307	-117.596505	1.011	HV	1	ARCHIBALD	51			
806397	60	W	8	71	53896	R6.682	37.279	34.030678	-117.614263	1.01	HV	1	VINEYARD	49			
806400	60	E	8	71	53896	R7.063	37.66	34.03045	-117.607622	1.01	HV	1	VINEYARD	50			
806403	60	W	8	71	53896	R5.682	36.279	34.030622	-117.631663	1.147	HV	1	GROVE	47			
806406	60	E	8	71	53896	R6.05	36.647	34.030393	-117.625254	.886	HV	1	GROVE	48			
806425	60	W	8	71	13210	R4.387	34.984	34.03055	-117.654217	1.13	HV	1	EUCLID	45			
806428	60	E	8	71	53896	R4.766	35.363	34.03033	-117.647603	.65	HV	1	EUCLID	46			
806447	60	E	8	71	13210	R3.773	34.37	34.030267	-117.664967	.729	HV	1	MOUNTAIN	44			
806467	60	W	8	71	13210	R3.422	34.019	34.030502	-117.671087	1.111	HV	1	MOUNTAIN	43			
806470	60	W	8	71	13210	R2.165	32.762	34.030386	-117.693001	1.127	HV	1	CENTRAL	41			
806473	60	E	8	71	13210	R2.531	33.128	34.030151	-117.686621	1.153	HV	1	CENTRAL	42			
806476	60	E	8	71	13210	R1.467	32.064	34.030054	-117.705128	.725	HV	1	RAMONA	40			
806479	60	W	8	71	13210	R1.169	31.766	34.030239	-117.710395	1.664	HV	1	RAMONA	39			
806489	10	E	8	71	81344	2.387	49.152	34.087182	-117.669959	.512	HV	1	MOUNTAIN	7			
806510	10	E	8	71	48788	1.342	48.107	34.086058	-117.68797	.595	HV	1	CENTRAL	4			
806525	10	E	8	71	81344	1.912	48.677	34.087192	-117.67825	.523	HV	1	750' E/O BENSON	5			
806574	10	W	8	71	53896	6.814	53.579	34.068037	-117.59919	.748	ML	4	ARCHIBALD	21			
806575	10	W	8	71	53896	6.814	53.579	34.068037	-117.59919	.754	HV	1	ARCHIBALD	21			
806576	10	W	8	71	53896	6.122	52.887	34.070549	-117.61069	.384	HV	1	VINEYARD LOOP	19			
806577	10	W	8	71	53896	5.211	51.976	34.078035	-117.62377	.942	HV	1	4TH ST	15			
806578	10	E	8	71	81344	4.636	51.401	34.082592	-117.632187	.566	HV	1	1300'W/O GROVE	13			
806579	10	E	8	71	81344	3.596	50.361	34.087267	-117.648858	.611	HV	1	EUCLID	11			
806580	10	W	8	71	81344	2.255	49.02	34.087447	-117.672326	.512	HV	1	MOUNTAIN	6			
806581	10	W	8	71	81344	3.545	50.31	34.087474	-117.649722	.611	HV	1	EUCLID LOOP	10			
806584	10	E	8	71	53896	5.292	52.057	34.077163	-117.622804	.811	HV	1	4TH ST	16			
806585	10	W	8	71	53896	6.045	52.81	34.071138	-117.611829	.456	HV	1	VINEYARD	18			
806586	10	E	8	71	53896	6.257	53.022	34.069468	-117.608734	.843	HV	1	VINEYARD	20			
806606	10	W	8	71	53896	8.078	54.843	34.067681	-117.577307	.22	HV	1	HAVEN	25			
806611	10	W	8	71	53896	8.228	54.993	34.067676	-117.574695	2.575	HV	1	HAVEN LOOP	26			
806612	10	E	8	71	53896	8.22	54.985	34.067456	-117.574833	.218	HV	1	HAVEN	27			
806614	91	E	8	65	62000	13.064	50.408	33.906407	-117.456517	.798	HV	1	TYLER	91			
806616	91	W	8	65	62000	13.011	50.441	33.906107	-117.457413	.783	HV	1	TYLER	90			
806617	10	W	8	71	53896	7.788	54.553	34.067702	-117.582357	.224	HV	1	.5 MI E/O ARCHIBALD	24			
806674	91	E	8	65	16350	9.15	46.494	33.885934	-117.518393	.35	ML	3	MCKINLEY LOOP ON	137			
806675	91	E	8	65	16350	9.15	46.494	33.885934	-117.518393		OR	1	MCKINLEY LOOP ON	137			
806676	91	E	8	65	16350	9.15	46.494	33.885934	-117.518393	.615	HV	1	MCKINLEY LOOP ON	137			
806751	10	E	8	71	53896	7.292	54.057	34.067476	-117.591	.325	ML	4	ARCHIBALD	23			
806765	10	E	8	71	53896	7.292	54.057	34.067476	-117.591	.325	HV	1	ARCHIBALD	23			
806773	10	E	8	71	53896	6.98	53.745	34.067505	-117.596444	.517	HV	1	HOLT BLVD	22			
806774	10	E	8	71	53896	6.98	53.745	34.067505	-117.596444	.517	ML	4	HOLT BLVD	22			
806890	215	S	8	71	14890	4.1	41.407	34.06482	-117.296615	2.877	ML	3	.09 N/O I-10	7282160			
806933	10	W	8	71	81344	1.912	48.677	34.087372	-117.678335	.534	ML	4	.14 E/O Benson	7282161			
806934	10	W	8	71	81344	1.912	48.677	34.087372	-117.678335	.544	HV	1	750' E/o Benson	7282161			
806945	10	E	8	71	81344	2.937	49.702	34.087226	-117.660358	.604	HV	1	50' E/O SAN ANTONIO	8			
806952	10	W	8	71	81344	2.937	49.702	34.08742	-117.660375	.653	ML	4	.01 E/O San Antonio	7282162			
806953	10	W	8	71	81344	2.937	49.702	34.08742	-117.660375	.645	HV	1	50' E/O San Antonio	7282162			
807011	10	E	8	71	53896	7.788	54.553	34.067452	-117.58236	.239	ML	4	.5 E/O Archibald	7282165			
807025	10	E	8	71	53896	7.788	54.553	34.067452	-117.58236	.239	HV	1	.5 Mi E/o Archibald	7282165			
807228	91	W	8	65	16350	4.21	41.64	33.880399	-117.60266	.528	HV	1	MAPLE	74			
807246	91	E	8	65	16350	9.23	46.574	33.886508	-117.517184	.425	HV	1	MCKINLEY	84			
807270	91	W	8	65	62000	11.927	49.357	33.899702	-117.474495	.724	HV	1	LA SIERRA	88			
807271	91	E	8	65	62000	12.165	49.509	33.900773	-117.470486	.641	HV	1	LA SIERRA	89			
807272	91	W	8	65	62000	14.067	51.497	33.914763	-117.442219	.645	HV	1	VAN BUREN	92			
807285	91	E	8	65	62000	14.096	51.44	33.914872	-117.441676	.825	HV	1	VAN BUREN	93			
807286	91	E	8	65	62000	14.714	52.058	33.919915	-117.432776	.805	HV	1	600' E/O JACKSON	94			
807306	91	W	8	65	62000	15.565	52.995	33.926999	-117.4207	1.144	HV	1	ADAMS	96			
807325	91	E	8	65	62000	15.706	53.05	33.928019	-117.418505	1.018	HV	1	ADAMS	97			
807345	91	E	8	65	62000	16.751	54.095	33.936564	-117.403479	.785	HV	1	MADISON	100			
807365	91	E	8	65	62000	17.278	54.622	33.941008	-117.396017	2.763	HV	1	3000' W/O ARLINGTON	101			
807401	91	E	8	65	16350	8.53	45.874	33.883768	-117.528716	1.175	ML	4	.11 W/O PROMENADE	7282167			
807790	15	N	8	65	51560	45.93	100.423	33.942641	-117.555355	.877	ML	3	.25 N/O 6th ST.	7286175			
807804	15	N	8	65		47.43	101.923	33.963182	-117.548717	1.135	ML	3	.75 S/O Limeonite	7286177			
807811	15	N	8	65		49.22	103.713	33.989044	-117.549521	.725	ML	3	.25 N/O Limeonite	7286180			
807818	15	N	8	65		50.841	105.334	34.012446	-117.550091	1.836	ML	3	.4 S/O 15/60 IC	7286181			
807897	15	S	8	65		48.08	102.563	33.972586	-117.549004	1.262	ML	3	SB Limeonite ONR	7286184			
807898	15	S	8	65		48.08	102.563	33.972586	-117.549004		OR	2	SB Limeonite ONR	7286184			
808109	15	N	8	65		48.4	102.893	33.977209	-117.548729	.51	ML	3	LIMEONITE NB ON	7286185			
808131	15	N	8	71	53896	2	108.774	34.061786	-117.544797	.7	ML	4	AT AIRPORT DR	7286186			
808191	15	S	8	65	51560	45.675	100.158	33.938948	-117.556054	1.39	ML	4	6 TH ST SB	7286187			
808210	15	N	8	65	51560	45.675	100.168	33.938958	-117.555693	.315	ML	3	6TH ST NB ONR	7286188			
808232	15	S	8	71	59451	5	111.764	34.10328	-117.536081	.55	ML	4	FOOTHILL SB	7286189			
808254	15	S	8	71	59451	5.1	111.864	34.104298	-117.534863	.35	ML	4	FOOTHILL LOOP SB	7286190			
808273	15	N	8	71	59451	5.2	111.974	34.105099	-117.533364	.799	ML	4	FOOTHILL NB	7286191			
808292	15	N	8	71	59451	6	112.774	34.113314	-117.523425	.678	ML	4	ETIWANDA/MILLER	7286192			
808325	15	S	8	71	59451	9.24	116.004	34.146975	-117.483396	1.031	ML	4	BASELINE SB	7286193			
808354	15	S	8	65		41	95.483	33.874775	-117.54559	.622	ML	4	.5 N/O MAGNOLIA	7286174			
808372	15	N	8	71	59451	9.42	116.194	34.148611	-117.480879	.603	ML	4	15 S/O SUMMIT	7286194			
808392	15	N	8	71	24680	10.5	117.274	34.159548	-117.467658	.65	ML	4	DUNCAN CANYON	7286195			
808412	15	S	8	71		12.07	118.834	34.174712	-117.447638	.55	ML	4	SIERRA	7286196			
808452	15	N	8	71		12.17	118.944	34.175282	-117.445776	.55	ML	4	SIERRA NB ON	7286197			
808474	15	N	8	71		12.8	119.574	34.180958	-117.437227	.25	ML	4	LYTLE CREEK BRIDGE	7286198			
808512	15	N	8	71		13	119.774	34.183069	-117.434865	.435	ML	4	1.0 S/O GLEN HELEN	7286199			
808574	15	N	8	71		13.67	120.444	34.189763	-117.426335	.35	ML	3	GLEN HELEN PKWY	7286200			
808584	15	N	8	71		14.2	120.974	34.195059	-117.419623	.325	ML	3	N/O GLEN HELEN PKWY	7286201			
808616	15	S	8	65		41.015	95.498	33.875016	-117.545645	.229	ML	3	JCT 15/91	7286203			
808622	15	N	8	65	16350	41.813	96.306	33.885735	-117.549836	1.116	ML	4	500' S/O PARKRIDGE	7286204			
808631	15	S	8	65	16350	41.458	95.941	33.881192	-117.54713	.859	ML	4	PARKRIDGE OC	7286205			
808670	15	S	8	65		39.431	93.914	33.854163	-117.535583	.227	ML	4	N/O OLD TEMESCAL	7286207			
808690	15	S	8	65		39.693	94.176	33.857914	-117.536136	.17	ML	4	OLD TEMESCAL RD	7286208			
808808	15	S	8	65		39.239	93.722	33.851494	-117.534879	2.596	ML	4	0.4 N/O ONTARIO AVE.	7282166			
808909	15	N	8	65		49.85	104.343	33.99811	-117.550128	.355	ML	3	1.0 S/O 15/60 IC				
808916	15	N	8	65		52.207	159.739	34.032399	-117.550037	2.553	ML	5	PHILADELPHIA OC				
808945	60	W	8	65	62000	13.392	53.513	33.942498	-117.277554	1.104	ML	2	DAY	57			
808969	210	W	8	71	81344	6.8	59.239	34.13609	-117.577842	1.05	ML	3	W/B HAVEN ONR	7286210			
808988	210	E	8	71	81344	7	59.439	34.136045	-117.574367	.7	HV	1	E/B HAVEN ONR	7286211			
808993	210	E	8	71	81344	7.4	59.839	34.136384	-117.567407	.5	ML	3	.5 W/O MILLIKEN	7286209			
808994	210	E	8	71	81344	7.4	59.839	34.136384	-117.567407	.5	HV	1	.5 M W/O MILLIKEN	7286209			
808998	210	W	8	71	81344	7.8	60.239	34.13678	-117.560431	1	ML	3	W/B MILLIKEN ONR	7286212			
809011	210	W	8	71	81344	7.8	60.239	34.13678	-117.560431	1	HV	1	W/B MILLIKEN ONR	7286212			
809012	210	W	8	71	81344	7.8	60.239	34.13678	-117.560431		OR	2	W/B MILLIKEN ONR	7286212			
809021	210	E	8	71	81344	7	59.439	34.136045	-117.574367		OR	2	E/B HAVEN ONR	7286211			
809022	210	E	8	71	81344	7	59.439	34.136045	-117.574367	.7	ML	3	E/B HAVEN ONR	7286211			
809036	210	E	8	71	81344	8	60.439	34.136461	-117.556942	.65	ML	3	E/B MILLIKEN ONR	7286213			
809037	210	E	8	71	81344	8	60.439	34.136461	-117.556942		OR	2	E/B MILLIKEN ONR	7286213			
809038	210	E	8	71	81344	8	60.439	34.136461	-117.556942	.65	HV	1	E/B MILLIKEN ONR	7286213			
809047	210	W	8	71	81344	6.8	59.239	34.13609	-117.577842		OR	2	W/B HAVEN ONR	7286210			
809048	210	W	8	71	81344	6.8	59.239	34.13609	-117.577842	1.05	HV	1	W/B HAVEN ONR	7286210			
809070	210	E	8	71	59451	8.7	61.139	34.136398	-117.544728	.7	ML	3	.75 E/O MILLIKEN	7286214			
809071	210	E	8	71	59451	8.7	61.139	34.136398	-117.544728	.7	HV	1	.75 M E/O MILLIKEN	7286214			
809098	210	W	8	71	59451	8.8	61.239	34.13666	-117.542984	2.174	HV	1	W/B DAY CREEK ONR	7286215			
809099	210	W	8	71	59451	8.8	61.239	34.13666	-117.542984		OR	2	W/B DAY CREEK ONR	7286215			
809100	210	W	8	71	59451	8.8	61.239	34.13666	-117.542984	2.174	ML	3	W/B DAY CREEK ONR	7286215			
809115	210	E	8	71	59451	9.4	61.839	34.136302	-117.532518	.65	HV	1	E/B DAY CREEK ONR	7286216			
809116	210	E	8	71	59451	9.4	61.839	34.136302	-117.532518		OR	2	E/B DAY CREEK ONR	7286216			
809117	210	E	8	71	59451	9.4	61.839	34.136302	-117.532518	.65	ML	3	E/B DAY CREEK ONR	7286216			
809125	210	E	8	71	59451	10	62.439	34.136243	-117.52205	1.131	HV	1	.6M E/O DAY CREEK	7286217			
809126	210	E	8	71	59451	10	62.439	34.136243	-117.52205	.863	ML	3	.6 E/O DAY CREEK	7286217			
809171	210	E	8	71	81344	5.1	57.539	34.134954	-117.607455	.65	HV	1	.4M E/O CARNELIAN	7286218			
809187	210	W	8	71	81344	5.7	58.139	34.135225	-117.596997	1.15	HV	1	W/B ARCHIBALD ONR	7286219			
809188	210	W	8	71	81344	5.7	58.139	34.135225	-117.596997	1.15	ML	3	W/B ARCHIBALD ONR	7286219			
809189	210	W	8	71	81344	5.7	58.139	34.135225	-117.596997		OR	2	W/B ARCHIBALD ONR	7286219			
809201	210	E	8	71	81344	6	58.439	34.135048	-117.591753	.95	HV	1	E/B ARCHIBALD ONR	7286220			
809202	210	E	8	71	81344	6	58.439	34.135048	-117.591753	1.15	ML	3	E/B ARCHIBALD ONR	7286220			
809203	210	E	8	71	81344	6	58.439	34.135048	-117.591753		OR	2	E/B ARCHIBALD ONR	7286220			
809236	210	W	8	71	13756	R3.3	55.739	34.135077	-117.638878	1.55	HV	1	W/B CAMPUS	7286222			
809237	210	W	8	71	13756	R3.3	55.739	34.135077	-117.638878		OR	2	W/B CAMPUS ONR	7286222			
809238	210	W	8	71	13756	R3.3	55.739	34.135077	-117.638878	1.55	ML	3	W/B CAMPUS	7286222			
809250	210	E	8	71	81344	3.6	56.039	34.134867	-117.633626	.8	HV	1	E/B CAMPUS	7286223			
809251	210	E	8	71	81344	3.6	56.039	34.134867	-117.633626		OR	2	E/B CAMPUS ONR	7286223			
809252	210	E	8	71	81344	4.1	56.539	34.134923	-117.624903	.55	ML	3	E/B CAMPUS	7286223			
809258	210	E	8	71	81344	4.1	56.539	34.134923	-117.624903	.55	HV	1	.5 M E/O CAMPUS	7286224			
809259	210	E	8	71	81344	3.6	56.039	34.134867	-117.633626	.8	ML	3	.5 E/O CAMPUS	7286224			
809271	210	W	8	71	81344	4.5	56.939	34.135159	-117.617941	1.2	HV	1	W/B CARNELIAN	7286225			
809272	210	W	8	71	81344	4.5	56.939	34.135159	-117.617941		OR	2	W/B CARNELIAN ONR	7286225			
809273	210	W	8	71	81344	4.5	56.939	34.135159	-117.617941	1.2	ML	3	W/B CARNELIAN	7286225			
809285	210	E	8	71	81344	R4.7	57.139	34.13488	-117.614434	.5	HV	1	E/B CARNELIAN	7286226			
809286	210	E	8	71	81344	R4.7	57.139	34.13488	-117.614434		OR	2	E/B CARNELIAN ONR	7286226			
809287	210	E	8	71	81344	R4.7	57.139	34.13488	-117.614434	.95	ML	3	E/B CARNELIAN	7286226			
809293	210	E	8	71	13756	.1	52.539	34.124085	-117.691242	.239	HV	1	.1 E/O CO LINE	7286227			
809294	210	E	8	71	13756	.1	52.539	34.124085	-117.691242	.239	ML	3	.1 E/O CO LINE	7286227			
809300	210	E	8	71	13756	.5	52.939	34.128716	-117.68609	.45	HV	1	.5 M E/O COUNTY LINE	7286228			
809301	210	E	8	71	13756	.5	52.939	34.128716	-117.68609	.45	ML	3	.5 E/O COUNTY LINE	7286228			
809307	210	E	8	71	13756	1	53.439	34.133268	-117.678724	.55	HV	1	1 M E/O CO LINE	7286229			
809308	210	E	8	71	13756	1	53.439	34.133268	-117.678724	.55	ML	4	1 M E/O CO LINE	7286229			
809320	210	W	8	71	13756	1.4	53.839	34.13449	-117.671995	2.289	HV	1	W/B MOUNTAIN AVE	7286230			
809321	210	W	8	71	13756	1.4	53.839	34.13449	-117.671995		OR	2	W/B MOUNTAIN AVE	7286230			
809322	210	W	8	71	13756	1.4	53.839	34.13449	-117.671995	2.289	ML	3	W/B MOUNTAIN AVE	7286230			
809334	210	E	8	71	13756	1.6	54.039	34.134363	-117.668476	.5	HV	1	E/B MOUNTAIN AVE	7286231			
809335	210	E	8	71	13756	1.6	54.039	34.134363	-117.668476		OR	2	E/B MOUNTAIN AVE ONR	7286231			
809336	210	E	8	71	13756	1.6	54.039	34.134363	-117.668476	.5	ML	4	E/B MOUNTAIN AVE	7286231			
809342	210	E	8	71	13756	2	54.439	34.134219	-117.661517	.45	HV	1	.4 M E/O MOUNTAIN	7286232			
809343	210	E	8	71	13756	2	54.439	34.134219	-117.661517	.45	ML	4	.4 M E/O MOUNTAIN	7286232			
809349	210	E	8	71	13756	2.5	54.939	34.134701	-117.652818	.8	HV	1	.9 M E/O MOUNTAIN	7286233			
809350	210	E	8	71	13756	2.5	54.939	34.134701	-117.652818	.8	ML	3	.9 E/O MOUNTAIN	7286233			
809477	15	S	8	71	53896	3	109.764	34.076309	-117.545031		OR	2	4TH  ST SB LOOP ONR				
809485	15	S	8	71	53896	3	109.764	34.076309	-117.545031	1.1	ML	4	4TH  ST SB LOOP ONR				
809497	15	N	8	71	59451	3.2	109.974	34.079216	-117.544634		OR	2	4TH ST NB ONR				
809498	15	N	8	71	59451	3.2	109.974	34.079216	-117.544634	.75	ML	4	4TH ST NB ONR				
809912	60	E	8	71	13210	.38	30.977	34.0259	-117.723013	.4	ML	4	END AVE				
809925	60	E	8	71	13210	.38	30.977	34.0259	-117.723013	.4	HV	1	END AVE				
809952	60	E	8	71	13210	1.08	31.677	34.02986	-117.711844	.553	ML	4	PIPELINE				
809953	60	E	8	71	13210	1.08	31.677	34.02986	-117.711844	.543	HV	1	PIPELINE				
809968	60	E	8	71	13210	3.99	34.587	34.030289	-117.661169	.494	ML	4	SAN ANTONIO				
809969	60	E	8	71	13210	3.99	34.587	34.030289	-117.661169	.496	HV	1	SAN ANTONIO				
809977	60	E	8	71	53896	5.29	35.887	34.030369	-117.638482	.629	ML	4	CAMPUS				
809978	60	E	8	71	53896	5.29	35.887	34.030369	-117.638482	.642	HV	1	CAMPUS				
809986	60	E	8	71	53896	8.33	38.927	34.03051	-117.585573	.501	ML	4	DEER CREEK				
809987	60	E	8	71	53896	8.33	38.927	34.03051	-117.585573	.498	HV	1	DEER CREEK				
810110	91	E	8	65	62000	19.39	56.734	33.965736	-117.377319	.438	ML	4	91@Pachappa Dr. IDS				
810117	15	N	8	71	59451	7.056	113.83	34.124173	-117.510215	.775	ML	4	15 N/O BASELINE IDS				
810124	15	N	8	71	59451	8.46	115.234	34.138786	-117.492723	.55	ML	4	S/O 15/210 IC				
810131	15	N	8	71	59451	8.65	115.424	34.140762	-117.490347	.48	ML	4	N/O 15/210 IC				
810142	15	S	8	71	24680	9.651	116.415	34.151077	-117.478415		OR	1	15@SUMMIT SB				
810143	15	S	8	71	24680	9.651	116.415	34.151077	-117.478415	.429	ML	4	15@SUMMIT SB				
810165	15	N	8	71	24680	9.857	116.631	34.153033	-117.475525	.339	ML	4	15 N/O SUMMIT AVE				
810190	15	N	8	71	59451	4.101	110.875	34.09224	-117.5437	.849	ML	4	15 N/O FOURTH ST				
810210	210	E	8	71	59451	11.125	63.564	34.136204	-117.502369	.831	ML	4	.5 E/O CHERRY IDS				
810230	210	W	8	71	24680	13.16	65.599	34.136825	-117.466807	.684	ML	4	.5 W/O CITRUS IDS				
810244	210	E	8	71	24680	11.663	64.102	34.13621	-117.492893		OR	2	210@CHERRY				
810245	210	E	8	71	24680	11.663	64.102	34.13621	-117.492893	.321	ML	3	210@CHERRY				
810258	210	W	8	71	24680	12.148	64.587	34.136485	-117.484369		OR	2	210@CHERRY RMS				
810259	210	W	8	71	24680	12.148	64.587	34.136485	-117.484369	1.746	ML	3	210@CHERRY RMS				
810266	210	W	8	71	24680	12.291	64.73	34.136499	-117.481887	.506	ML	4	210 W/B 15 IC IDS				
810273	210	E	8	71	24680	11.94	64.379	34.136208	-117.487983	1.192	ML	3	.25 E/O 210/15 IC				
810280	210	E	8	71	24680	11.766	64.205	34.13623	-117.491062	.138	ML	4	.5 E/O 15/210 IC				
810315	60	E	8	65	49270	16.602	56.723	33.939193	-117.222169		OR	1	PERRIS EB ONR				
810316	60	E	8	65	49270	16.602	56.723	33.939193	-117.222169	3.053	ML	2	PERRIS EB ONR				
810345	10	E	8	71	53896	8.543	55.308	34.067404	-117.569207	2.661	HV	1	2000' E/O HAVEN	29			
810369	60	E	8	65	49270	14.509	54.63	33.940779	-117.258321	1.024	HV	1	PIGEON PASS	61			
810370	60	E	8	65	62000	13.447	53.568	33.942128	-117.276661	1.805	HV	1	DAY	58			
810371	60	E	8	65	49270	16.602	56.723	33.939193	-117.222169	3.053	HV	1	PERRIS EB ONR				
810372	60	E	8	65	49270	15.495	55.616	33.941022	-117.241174	1.046	HV	1	HEACOCK	63			
810373	60	W	8	65	49270	14.412	54.533	33.940948	-117.259999	.499	HV	1	PIGEON PASS  LOOP	60			
810379	60	W	8	65	62000	14.168	54.289	33.940876	-117.264242	.51	HV	1	PIGEON PASS	59			
810380	60	W	8	65	62000	13.392	53.513	33.942498	-117.277554	1.634	HV	1	DAY	57			
810381	60	W	8	65	49270	15.166	55.287	33.941149	-117.246877	.892	HV	1	HEACOCK	62			
810382	60	W	8	65	49270	16.195	56.316	33.94038	-117.229089	3.014	HV	1	PERRIS	64			
810467	10	W	8	71	53896	9.38	56.145	34.067585	-117.554633	1.12	ML	6	M .21 E/O MILLIKEN				
810483	10	E	8	71	53896	7.63	54.395	34.067482	-117.585112	.248	ML	5	M .35 E/O ARCHIBALD				
810678	91	W	8	65	16350	10	47.43	33.892218	-117.505653	.817	ML	3	M .2 W/O BUCHANAN ST				
810712	10	W	8	71	53896	7.63	54.395	34.067721	-117.585109	.487	ML	5	M .35 E/O ARCHIBALD				
810728	10	E	8	71	53896	7.63	54.395	34.067482	-117.585112	.248	HV	1	M .35 E/O ARCHIBALD				
810731	10	W	8	71	53896	7.63	54.395	34.067721	-117.585109	.487	HV	1	M .35 E/O ARCHIBALD				
810751	10	E	8	71		12.69	59.462	34.065567	-117.497035	1.153	ML	4	M 1.73 E/O ETIWANDA				
810758	10	W	8	71		12.69	59.462	34.065819	-117.496994	1.153	ML	4	M 1.73 E/O ETIWANDA				
810764	10	E	8	71		14.09	60.862	34.066148	-117.472706	1.455	ML	4	M 1.0 E/O CHERRY AVE				
810770	10	W	8	71		14.09	60.862	34.066408	-117.472703	1.455	ML	4	M 1.0 E/O CHERRY AVE				
810776	10	E	8	71		19.32	66.092	34.068272	-117.381553	1.41	ML	4	M .45 W/O CEDAR AVE				
810782	10	W	8	71		19.32	66.092	34.068509	-117.38157	1.58	ML	4	M .45 W/O CEDAR AVE				
810789	10	E	8	71	60466	20.76	67.532	34.068867	-117.356492	1.15	ML	4	M .48 W/O PEPPER AVE				
810810	10	W	8	71	60466	20.76	67.532	34.069048	-117.356489	1.15	ML	4	M .48 W/O PEPPER AVE				
810819	60	E	8	71	53896	9.59	40.187	34.025629	-117.564537	.685	ML	6	M .57 E/O HAVEN AVE				
810829	60	E	8	65		1.31	41.865	34.018059	-117.53671	1.835	ML	3	M .85 E/O I-15				
810835	60	W	8	65		R1.31	41.865	34.018387	-117.5367	1.835	ML	4	M .85 E/O I-15				
810849	91	E	8	65	16350	4.5	41.844	33.881045	-117.597672	.254	HV	1	M .75 E/O LINCOLN				
810854	91	W	8	65	16350	4.5	41.93	33.881211	-117.597719	.535	HV	1	M .75 E/O LINCOLN				
810862	10	E	8	71	53896	10.53	57.295	34.067241	-117.534549	.855	ML	5	M .61 E/O I-15				
810869	10	W	8	71	53896	10.53	57.295	34.06749	-117.534562	.825	ML	5	M .61 E/O I-15				
810875	10	E	8	71		11.79	58.555	34.066816	-117.512537	.748	ML	4	M .88 E/O ETIWANDA				
810881	10	W	8	71		11.79	58.555	34.067102	-117.512452	.768	ML	4	M .88 E/O ETIWANDA				
810887	10	E	8	71	24680	16.58	63.352	34.06715	-117.429334	1.49	ML	4	M .56 E/O SIERRA AVE				
810910	10	E	8	71		21.7	68.472	34.068197	-117.340221	.86	ML	4	M .52 W/O RANCHO AVE				
810916	10	W	8	71		21.7	68.472	34.068402	-117.340149	.86	ML	4	M .52 W/O RANCHO AVE				
810921	60	E	8	65		R2.45	43.005	34.018358	-117.516908	1.2	ML	3	M .58 W/O MISSION BL				
810926	60	W	8	65		R2.45	43.005	34.018598	-117.516913	1.214	ML	3	M .58 W/O MISSION BL				
810931	60	E	8	65		5.3	45.855	34.01695	-117.467579	1.285	ML	3	M .57 W/O PYRITE ST				
810936	60	W	8	65		R5.3	45.855	34.017227	-117.467521	1.271	ML	3	M .57 W/O PYRITE ST				
810941	60	E	8	65		6.28	46.835	34.014187	-117.450769	1.088	ML	3	M .98 W/O VALLEY WAY				
810946	60	W	8	65		R6.28	46.835	34.014472	-117.450686	1.088	ML	3	M .98 W/O VALLEY WAY				
810951	60	E	8	65		7.75	48.03	34.010635	-117.430287	1.362	ML	3	M .56 W/O PACIFIC AV				
810957	60	W	8	65		7.75	48.03	34.010783	-117.43022	1.362	ML	3	M .56 W/O PACIFIC AV				
810960	60	E	8	65		7.75	38.347	34.030496	-117.595666	3.472	HV	1	M .56 W/O PACIFIC AV				
810965	60	E	8	65		9.28	49.56	34.004128	-117.405115	1.002	ML	3	M .34 W. RUBIDOUX BL				
810971	60	W	8	65		9.28	49.56	34.004329	-117.405094	1.495	ML	3	M .34 W. RUBIDOUX BL				
810977	60	E	8	65		9.28	49.56	34.004128	-117.405115	3.23	HV	1	M .34 W/O RUBIDOUX				
810980	60	W	8	65		9.28	49.56	34.004329	-117.405094	3.23	HV	1	M .34 W/O RUBIDOUX				
810984	60	E	8	65	62000	R10.74	51.02	34.002839	-117.380352	.948	ML	3	M 1.2 E/0 RUBIDOUX				
810988	60	W	8	65	62000	R10.74	51.02	34.003068	-117.380298	1.26	ML	3	M 1.2 E/O RUBIDOUX				
810990	60	E	8	65	62000	R10.74	51.02	34.002839	-117.380352	2.004	HV	1	M 1.2 E/O RUBIDOUX				
810992	60	W	8	65	62000	R10.74	51.02	34.003068	-117.380298	1.977	HV	1	M 1.2 E/0 RUBIDOUX				
810997	10	E	8	71	81344	4.16	50.925	34.086225	-117.639206	.515	ML	4	M 1.0 W/O 4th STREET				
811003	10	W	8	71	81344	4.16	50.925	34.086425	-117.639133	.81	ML	4	M 1.0 W/O 4th STREET				
811005	10	E	8	71	81344	4.16	50.925	34.086225	-117.639206	.52	HV	1	M 1.0 W/O 4th STREET				
811007	10	W	8	71	81344	4.16	50.925	34.086425	-117.639133	.832	HV	1	M 1.0 W/O 4th STREET				
811013	10	E	8	71		15.6	62.372	34.066777	-117.446405	1.125	ML	5	M .37 E/O CITRUS AVE				
811019	10	W	8	71		15.6	62.372	34.067027	-117.446399	1.075	ML	5	M .37 E/O CITRUS AVE				
811024	10	E	8	71		19.4	66.172	34.068304	-117.380157	.72	ML	4	M .75 E/O CEDAR AVE				
811030	10	W	8	71		19.4	66.172	34.068537	-117.380171	.72	ML	4	M .75 E/O CEDAR AVE				
811035	10	E	8	71	14890	22.48	69.252	34.066079	-117.326968	.96	ML	4	M .5 E/O RANCHO AVE				
811041	10	W	8	71	14890	22.48	69.252	34.066277	-117.326909	.96	ML	5	M .5 E/O RANCHO AVE				
811047	10	E	8	71	14890	23.62	70.392	34.065089	-117.307133	3.07	ML	5	M .53 W/O I-215				
811053	10	W	8	71	14890	23.62	70.392	34.065311	-117.307152	3.07	ML	5	M .53 W/O I-215				
811057	60	E	8	65		R3.71	44.265	34.019105	-117.494986	1.425	ML	3	M .81 W/O PEDLEY RD				
811061	60	W	8	65		R3.738	44.293	34.019428	-117.494477	1.425	ML	3	M .81 W/O PEDLEY RD				
811067	60	E	8	65	62000	R11.65	51.93	33.996944	-117.366171	1.274	ML	4	M .58 E/0 MARKET ST				
811072	60	W	8	65	62000	R11.8	52.08	33.996138	-117.363759	1.246	ML	4	M .58 E/O MARKET ST				
811077	15	N	8	65		39.77	94.263	33.859099	-117.536099	.407	ML	4	M 1.27 N/O ORLANDO				
811082	15	S	8	65		39.77	94.253	33.858975	-117.536524	.653	ML	4	M 1.27 N/O ORLANDO				
811087	15	N	8	65	51560	44	98.493	33.914745	-117.55735	.113	ML	3	M .4 N/O 2nd STREET				
811091	15	S	8	65	51560	45.3	99.783	33.933517	-117.556191	.838	ML	3	M .18 N/O FIFTH ST				
811095	15	N	8	65	51560	45.3	99.793	33.933525	-117.555868	.491	ML	3	M .18 N/O FIFTH ST				
811100	15	S	8	65	51560	44	98.483	33.914786	-117.557735	.921	ML	4	M .4 N/O 2nd STREET				
811108	15	S	8	65		52.1	159.978	34.647907	-117.216169	5	ML	4	M 1.2 S/O JURUPA ST				
811113	15	N	8	65		49.52	157.052	34.615615	-117.239992	5	ML	3	M 2.04 S/O RIVERSIDE				
811117	15	S	8	65		49.52	104.003	33.993337	-117.550441	.8	ML	3	M 2.04 S/O RIVERSIDE				
811121	15	N	8	65	51560	49.93	104.423	33.999268	-117.550119	.125	ML	3	M 1.63 S/O LIMONITE				
811132	91	W	8	65	2000	R.05	37.368	33.869872	-117.671776	.564	ML	5	M 0.95 E/O CANYON RD				
811137	15	S	8	65		50.39	104.873	34.005922	-117.550529	2.022	ML	3	M 1.17 S/O RIVERSIDE				
811148	15	S	8	65	51560	49.93	104.413	33.999268	-117.550507	.2	ML	4	M 1.63 S/O LIMONITE				
811156	15	N	8	71	53896	1.8	108.574	34.058906	-117.545151	.401	ML	6	M .65 S/O I-10				
811162	15	S	8	71	53896	1.8	108.564	34.058906	-117.545522	1.088	ML	5	M .65 S/O I-10				
811172	15	S	8	71	59451	4	110.764	34.090863	-117.544465	1	ML	4	M 1.1 S/O FOOTHILL				
811178	15	N	8	71	59451	5.7	112.474	34.110222	-117.527168	.4	ML	4	M 1.05 S/O BASELINE				
811183	15	S	8	71	59451	5.7	112.464	34.110494	-117.527429	1.245	ML	4	M 1.05 S/O BASELINE				
811188	15	N	8	71	24680	10.1	116.874	34.155505	-117.472563	.321	ML	4	M .46 N/O SUMMIT AVE				
811193	15	S	8	71	24680	10.1	116.864	34.155585	-117.473005	.874	ML	4	M .46 N/O SUMMIT AVE				
811198	15	N	8	71		11.4	118.174	34.168705	-117.456604	.835	ML	4	M 1.8 N/O SUMMIT AVE				
811203	15	S	8	71		11.4	118.164	34.168771	-117.457132	.985	ML	4	M 1.8 N/O SUMMIT AVE				
811208	15	N	8	71		12.5	119.274	34.177982	-117.441025	.315	ML	4	M .37 S/O SIERRA AVE				
811213	15	S	8	71		12.5	119.264	34.178291	-117.441326	.815	ML	4	M .37 S/O SIERRA AVE				
811218	15	N	8	71		13.7	120.474	34.19004	-117.425928	.24	ML	4	M 1.0 S/O GLEN HELEN				
811224	15	S	8	71		13.7	120.464	34.190228	-117.426251	1.005	ML	4	M 1.0 S/O GLEN HELEN				
811228	15	N	8	71		14.8	121.574	34.202931	-117.41507	.94	ML	3	M 1.5 S/O BARSTOW FW				
811232	15	S	8	71		14.8	121.564	34.203041	-117.415411	.785	ML	3	M 1.5 S/O BARSTOW FW				
811236	15	N	8	71		16.08	122.854	34.220961	-117.410068	1.377	ML	3	M .16 S/O BARSTOW FW				
811240	15	S	8	71		16.08	122.844	34.221032	-117.410441	1.378	ML	3	M .16 S/O BARSTOW FW				
811246	15	N	8	71		14.15	120.924	34.194462	-117.420125	.25	ML	5	M .86 N/O I-215				
811253	15	S	8	71		14.51	121.274	34.199231	-117.417549	.55	ML	6	M .86 N/O I-215				
811258	15	N	8	71		R15.923	125.292	34.246532	-117.436635	2.981	ML	4	M 1.65 S/O OAKIE FLT				
811263	15	S	8	71		R15.923	125.282	34.246283	-117.437067	2.981	ML	4	M 1.65 S/O OAKIE FLT				
811268	15	N	8	71	59451	7.55	114.324	34.129302	-117.504074	.702	ML	4	M 2.25 N/O FOOTHILL				
811274	15	S	8	71	59451	7.59	114.354	34.129945	-117.503901	1.77	ML	4	M 2.25 N/O FOOTHILL				
811278	15	N	8	65		48.2	102.693	33.974311	-117.548724	.485	ML	3	M .28 S/O LIMONITE				
811283	15	S	8	65		48.2	102.683	33.974322	-117.549014	.72	ML	4	M .28 S/O LIMONITE				
811288	15	N	8	71	59451	3.5	110.274	34.083574	-117.544601	.451	ML	4	M 1.85 S/O FOOTHILL				
811298	15	N	8	71		R14.96	124.329	34.236528	-117.424563	1.218	ML	4	M 2.25 N/O OAKIE FLT				
811303	15	S	8	71		R14.96	124.319	34.236308	-117.424867	1.218	ML	4	M 2.25 N/O OAKIE FLT				
811309	91	E	8	65		R2.8	40.032	33.883866	-117.628451	.242	ML	5	M 1.7 E/O GREEN RIV.				
811314	91	W	8	65		R2.8	40.118	33.884124	-117.628487	1.319	ML	5	M 1.7 E/O GREEN RIV.				
811316	91	E	8	65		R2.8	40.032	33.883866	-117.628451	.242	HV	1	M 1.7 E/O GREEN RIV.				
811325	91	E	8	65	16350	6.8	44.144	33.879176	-117.558045	.889	ML	5	M .1 E/O E GRAND BL				
811332	91	W	8	65	16350	6.8	44.23	33.879422	-117.558138	1.426	ML	5	M .1 E/O E GRAND BL				
811334	91	E	8	65	16350	6.8	44.144	33.879176	-117.558045	.624	HV	1	M .1 E/O E GRAND BL				
811336	91	W	8	65	16350	6.8	44.23	33.879422	-117.558138	.881	HV	1	M .1 E/O E GRAND BL				
811338	91	E	8	65	16350	8	45.344	33.88329	-117.537913	1.175	HV	1	M 1.3 E/O GRAND BL				
811340	91	W	8	65	16350	8	45.43	33.883509	-117.538027	1.145	HV	1	M 1.3 E/O GRAND BL				
811352	91	E	8	65	16350	10	47.344	33.892046	-117.505531	.995	HV	1	M .2 W/O BUCHANAN ST				
811354	91	W	8	65	16350	10	47.43	33.892218	-117.505653	.817	HV	1	M .2 W/O BUCHANAN ST				
811366	10	E	8	71	53896	9.38	56.145	34.06734	-117.554627	.993	ML	6	M .21 E/O MILLIKEN				
811389	91	E	8	65	16350	10	47.344	33.892046	-117.505531	.995	ML	3	M .2 W/O BUCHANAN ST				
811394	91	E	8	65	62000	12.5	49.844	33.902269	-117.464951	.449	HV	1	M .5 W/O TYLER ST				
811396	91	W	8	65	62000	12.5	49.93	33.902424	-117.465105	.542	HV	1	M .5 W/O TYLER ST				
811400	91	E	8	65	62000	12.5	49.844	33.902269	-117.464951	.502	ML	3	M .5 W/O TYLER ST				
811404	91	W	8	65	62000	12.5	49.93	33.902424	-117.465105	.513	ML	3	M .5 W/O TYLER ST				
811408	91	E	8	65	62000	19.2	56.544	33.962982	-117.377482	.434	ML	3	M .2 W/O IVY ST				
811412	91	W	8	65	62000	19.2	56.63	33.963067	-117.377674	.776	ML	3	M .2 W/O IVY ST				
812586	71	S	8	71		R.379	5.329	34.016341	-117.740864	.688	ML	3	RIVERSIDE Dr IDS				
812587	71	N	8	71		R.865	5.815	34.013094	-117.735477		OR	3	Chino Ave ON				
812588	71	N	8	71		R.865	5.815	34.013094	-117.735477	1.213	ML	3	Chino Ave ON				
812590	71	N	8	71		R.865	5.815	34.013094	-117.735477	1.213	HV	1	Chino Ave ON				
812600	71	S	8	71	13210	R1.097	6.047	34.009267	-117.731761		OR	2	Chino Ave				
812601	71	S	8	71	13210	R1.097	6.047	34.009267	-117.731761	.814	ML	3	Chino Ave				
812602	71	S	8	71	13210	R1.097	6.047	34.009267	-117.731761	1.502	HV	1	Chino Ave				
812608	71	N	8	71	13210	R1.662	6.612	34.004207	-117.7263		OR	3	Grand Ave.				
812609	71	N	8	71	13210	R1.662	6.612	34.004207	-117.7263	.506	ML	3	Grand Ave.				
812610	71	N	8	71	13210	R1.662	6.612	34.004207	-117.7263	.506	HV	1	Grand Ave.				
812647	71	N	8	71	13210	R1.879	6.829	34.001533	-117.724219		OR	2	Grand Ave ON				
812648	71	N	8	71	13210	R1.879	6.829	34.001533	-117.724219	.765	ML	3	Grand Ave ON				
812649	71	N	8	71	13210	R1.879	6.829	34.001533	-117.724219	.765	HV	1	Grand Ave ON				
812650	71	S	8	71	13210	R2.008	6.958	33.998476	-117.722757		OR	2	Grand Ave. SB ON				
812651	71	S	8	71	13210	R2.008	6.958	33.998476	-117.722757	.469	ML	3	Grand Ave. ON				
812652	71	S	8	71	13210	R2.008	6.958	33.998476	-117.722757	.469	HV	1	Grand Ave. ON				
812653	71	N	8	71	13210	R3.194	8.144	33.985433	-117.711529		OR	2	Chino Hills Pkwy ON				
812654	71	N	8	71	13210	R3.194	8.144	33.985433	-117.711529	1.402	ML	3	Chino Hills Pkwy ON				
812655	71	N	8	71	13210	R3.194	8.144	33.985433	-117.711529	1.402	HV	1	Chino Hills Pkwy ON				
812656	71	S	8	71	13210	R3.75	8.7	33.979146	-117.703719		OR	2	Ramona Ave ON				
812657	71	S	8	71	13210	R3.737	8.687	33.979251	-117.703907	1.424	ML	3	Ramona Ave ON				
812658	71	S	8	71	13210	R3.737	8.687	33.979251	-117.703907	1.424	HV	1	Ramona Ave ON				
812659	71	S	8	71	13210	R2.036	6.986	33.998107	-117.722552	.864	ML	3	Pipeline Ave IDS				
812660	71	S	8	71	13210	R2.036	6.986	33.998107	-117.722552	.864	HV	1	Pipeline Ave IDS				
812689	71	S	8	71	13214	R7.956	12.906	33.930984	-117.659792		OR	2	EUCLID AVE SB ON				
812690	71	S	8	71	13214	R7.956	12.906	33.930984	-117.659792	.752	ML	2	EUCLID AVE SB ON				
812703	71	N	8	71	13214	R8.026	12.976	33.93026	-117.658916		OR	2	EUCLID AVE NB ON				
812704	71	N	8	71	13214	R8.026	12.976	33.93026	-117.658916	.648	ML	2	EUCLID AVE NB ON				
812705	71	N	8	71	13214	R8.026	12.976	33.93026	-117.658916	.648	HV	1	EUCLID AVE NB ON				
812716	71	S	8	71	13214	R8.213	13.163	33.927697	-117.65738		OR	2	EUCLID AVE SB ON				
812717	71	S	8	71	13214	R8.213	13.163	33.927697	-117.65738	.465	ML	2	EUCLID AVE SB ON				
812724	71	N	8	71	13214	R7.206	12.156	33.939914	-117.667612	.715	ML	2	.75 MI N/O EUCLID				
812725	71	N	8	71	13214	R7.206	12.156	33.939914	-117.667612	.715	HV	1	.75 MI N/O EUCLID				
812730	71	N	8	71	13214	R7.777	12.727	33.933214	-117.661517	.409	ML	2	.3 MI N/O EUCLID				
812731	71	N	8	71	13214	R7.777	12.727	33.933214	-117.661517	.409	HV	1	.3 MI N/O EUCLID				
812744	71	N	8	71	13214	R5.909	10.859	33.955911	-117.680034	.726	ML	2	.5 NO PINE AVE				
812745	71	N	8	71	13214	R5.909	10.859	33.955911	-117.680034	.726	HV	1	.5 NO PINE AVE				
812764	71	S	8	71	13214	R5.53	10.48	33.960013	-117.683485	.813	ML	2	.6 S/O SOQUEL CYN				
812765	71	S	8	71	13214	R5.53	10.48	33.960013	-117.683485	.813	HV	1	.6 S/O SOQUEL CYN				
812775	71	N	8	71	13214	R4.685	9.635	33.970743	-117.692257		OR	2	NB ON SOQUEL CYN				
812776	71	N	8	71	13214	R4.685	9.635	33.970743	-117.692257	.851	ML	3	NB ON SOQUEL CYN				
812777	71	N	8	71	13214	R4.685	9.635	33.970743	-117.692257	.851	HV	1	NB ON SOQUEL CYN				
812787	71	S	8	71	13214	R4.884	9.834	33.967804	-117.689698		OR	2	SB LOOP SOQUEL CYN				
812788	71	S	8	71	13214	R4.884	9.834	33.967804	-117.689698	.672	ML	3	SB LOOP SOQUEL CYN				
812789	71	S	8	71	13214	R4.884	9.834	33.967804	-117.689698	.672	HV	1	SB LOOP SOQUEL CYN				
812799	71	N	8	71	13214	R4.896	9.846	33.968332	-117.689905		OR	2	NB LOOP SOQUEL CYN				
812800	71	N	8	71	13214	R4.896	9.846	33.968332	-117.689905	.611	ML	3	NB LOOP SOQUEL CYN				
812801	71	N	8	71	13214	R4.896	9.846	33.968332	-117.689905	.611	HV	1	NB LOOP SOQUEL CYN				
812810	71	S	8	71	13214	R5.083	10.033	33.965512	-117.687597		OR	2	SB ON SOQUEL CYN				
812811	71	S	8	71	13214	R5.083	10.033	33.965512	-117.687597	.322	ML	3	SB ON SOQUEL CYN				
812812	71	S	8	71	13214	R5.083	10.033	33.965512	-117.687597	.322	HV	1	SB ON SOQUEL CYN				
812820	71	N	8	71	13214	R6.348	11.298	33.950369	-117.676045		OR	2	NB ON PINE AVE				
812821	71	N	8	71	13214	R6.348	11.298	33.950369	-117.676045	.648	ML	2	NB ON PINE AVE				
812822	71	N	8	71	13214	R6.348	11.298	33.950369	-117.676045	.648	HV	1	NB ON PINE AVE				
812830	71	S	8	71	13214	R6.71	11.66	33.945315	-117.67299		OR	2	SB ON PINE AVE				
812831	71	S	8	71	13214	R6.71	11.66	33.945315	-117.67299	1.213	ML	2	SB ON PINE AVE				
812832	71	S	8	71	13214	R6.71	11.66	33.945315	-117.67299	1.213	HV	1	SB ON PINE AVE				
813015	210	E	8	71	24680	11.663	64.102	34.13621	-117.492893	.969	HV	1	210@CHERRY				
813016	210	E	8	71	24680	11.94	64.379	34.136208	-117.487983	1.243	HV	1	.25 E/O 210/15 IC				
813017	210	W	8	71	24680	12.148	64.587	34.136485	-117.484369	2.43	HV	1	210@CHERRY RMS				
813047	10	W	8	71	53896	11.03	57.795	34.067664	-117.525792		OR	2	W/B ETIWANDA ON				
813048	10	W	8	71	53896	11.03	57.795	34.067664	-117.525792	.315	ML	4	W/B ETIWANDA ON				
813057	10	E	8	71	53896	11.09	57.855	34.067374	-117.524698		OR	2	E/B ETIWANDA LOOP				
813058	10	E	8	71	53896	11.09	57.855	34.067374	-117.524698	.335	ML	4	E/B ETIWANDA LOOP				
813067	10	W	8	71	53896	11.16	57.925	34.067757	-117.523472		OR	2	W/B ETIWANDA LOOP ON				
813068	10	W	8	71	53896	11.16	57.925	34.067757	-117.523472	.38	ML	4	W/B ETIWANDA LOOP ON				
813078	10	E	8	71	53896	11.2	57.965	34.067426	-117.522742		OR	2	E/B ETIWANDA ON				
813079	10	E	8	71	53896	11.2	57.965	34.067426	-117.522742	.35	ML	4	E/B ETIWANDA ON				
813315	10	W	8	71	24680	16.24	63.012	34.06747	-117.435261		OR	3	W/B SIERRA ON				
813316	10	W	8	71	24680	16.24	63.012	34.06747	-117.435261	1.86	ML	4	W/B SIERRA ON				
813317	10	W	8	71	24680	16.24	63.012	34.06747	-117.435261		FR	2	W/B SIERRA OFF				
813332	10	E	8	71	24680	16.34	63.112	34.067191	-117.433523		OR	3	E/B SIERRA ON				
813333	10	E	8	71	24680	16.34	63.112	34.067191	-117.433523	.49	ML	4	E/B SIERRA ON				
813407	215	S	8	71	65000	5.061	42.368	34.078489	-117.29679		FR	4	ORANGE SHOW SB L ON	7282153			
813408	215	S	8	71	65000	5.433	42.74	34.083262	-117.299897		FR	4	INLAND CENTER SB ON	7282155			
813409	215	N	8	71	65000	5.534	42.841	34.084626	-117.30056		FR	1	INLAND CENTER NB ON	7282156			
813412	215	S	8	71	65000	6.683	43.99	34.101134	-117.301938		FR	4	SECOND ST SB ON	7282159			
813443	91	W	8	65		R.995	38.313	33.878243	-117.658393	2.093	HV	1	GREEN RIVER	66			
813568	71	S	8	71	13210	R1.097	6.047	34.009267	-117.731761		FR	2	Chino Ave				
813570	71	N	8	71		R.865	5.815	34.013094	-117.735477		FR	2	Chino Ave OFF				
813572	71	S	8	71	13210	R2.008	6.958	33.998476	-117.722757		FR	2	Grand Ave. OFF				
813576	71	N	8	71	13210	R1.662	6.612	34.004207	-117.7263		FR	2	Grand Ave.				
813578	71	N	8	71	13210	R3.194	8.144	33.985433	-117.711529		FR	1	Chino Hills Pkwy OFF				
813580	71	S	8	71	13210	R3.737	8.687	33.979251	-117.703907		FR	1	Ramona Ave OFF				
813583	71	S	8	71	13214	R8.213	13.163	33.927697	-117.65738		FR	2	EUCLID AVE SB OFF				
813795	91	W	8	65	62000	14.3	51.73	33.91667	-117.438874	.748	HV	1	M 1.3 M W/O ADAMS				
813804	60	E	8	71	13210	.28	30.877	34.025441	-117.724666	.327	ML	5	M 1.42 M E/O HWY 71				
813805	60	E	8	71	13210	.28	30.877	34.025441	-117.724666	.327	HV	1	M 1.42 E/O HWY 71				
813973	30	E	8	71	59451	21.4	14.119	34.13609	-117.33765	1.153	ML	3	210 E/O 27TH ST.				
813980	30	E	8	71	59451	22.19	15.785	34.145609	-117.313965	3.333	ML	3	210 @ MIRAMONTE AVE				
813993	30	E	8	71	81344	16.5	9.219	34.13588	-117.423256	.76	ML	3	.25 W/O LINDEN @ 210				
813994	30	E	8	71	81344	16.5	9.219	34.13588	-117.423256	.76	HV	1	.25 W/O LINDEN @ 210				
813995	30	W	8	71	59451	23	16.595	34.14581	-117.299851	4.168	ML	3	210 W/O H ST.				
814010	30	E	8	71	81344	17.68	10.399	34.13588	-117.402691	1.19	ML	3	210 @ AYALA ON				
814011	30	E	8	71	81344	17.68	10.399	34.13588	-117.402691		FR	1	210 @ AYALA ON				
814013	30	E	8	71	81344	17.68	10.399	34.13588	-117.402691	1.19	HV	1	210 @ AYALA ON				
814026	30	W	8	71	81344	17.25	9.969	34.135941	-117.410197		OR	2	210 @ AYALA ON				
814027	30	W	8	71	81344	17.25	9.969	34.135941	-117.410197	1.4	ML	3	210 @ AYALA ON				
814028	30	W	8	71	81344	17.25	9.969	34.135941	-117.410197	1.4	HV	1	210 @ AYALA ON				
814211	30	E	8	71	81344	16.16	8.879	34.135888	-117.429179	.749	ML	3	210 @ ALDER EB/ON				
814212	30	E	8	71	81344	16.16	8.879	34.135888	-117.429179	.749	HV	1	210 @ ALDER EB/ON				
814215	30	E	8	71	81344	16.16	8.879	34.135888	-117.429179		FR	1	210 @ ALDER EB/ON				
814216	30	W	8	71	81344	15.73	8.449	34.133452	-117.436652	.909	ML	3	210@ALDER WB/ON				
814217	30	W	8	71	81344	15.73	8.449	34.133452	-117.436652	.909	HV	1	210 @ ALDER WB/ON				
814220	30	W	8	71	81344	15.73	8.449	34.133452	-117.436652		FR	1	210 @ ALDER WB/ON				
814351	91	W	8	65	16350	4.5	41.93	33.881211	-117.597719	.531	ML	4	M .75 E/O LINCOLN				
814357	91	E	8	65	16350	4.5	41.844	33.881045	-117.597672	.254	ML	4	M .75 E/O LINCOLN				
814417	15	N	8	65	51560	43.692	98.185	33.910359	-117.558301		OR	2	 2nd St ONR	35			
814421	15	N	8	65	51560	43.692	98.185	33.910359	-117.558301		FR	2	 2nd St ONR	35			
814425	15	N	8	65	51560	45.775	100.268	33.940403	-117.555573		OR	1	6TH ST NB ONR	7286188			
814431	15	N	8	65	51560	45.775	100.268	33.940403	-117.555573		FR	1	6TH ST NB ONR	7286188			
814432	15	N	8	65		48.4	102.893	33.977209	-117.548729		OR	1	LIMEONITE NB ON	7286185			
814433	15	N	8	65		48.4	102.893	33.977209	-117.548729		FR	1	LIMEONITE NB ON	7286185			
814438	15	S	8	65	51560	45.675	100.158	33.938948	-117.556054		OR	1	6 TH ST SB	7286187			
814440	15	S	8	65	51560	45.675	100.158	33.938948	-117.556054		FR	1	6 TH ST SB	7286187			
814448	15	S	8	71	59451	5.1	111.864	34.104298	-117.534863		OR	1	FOOTHILL LOOP SB	7286190			
814455	15	S	8	71	59451	5	111.764	34.10328	-117.536081		OR	1	FOOTHILL SB	7286189			
814456	15	S	8	71	59451	5	111.764	34.10328	-117.536081		FR	1	FOOTHILL SB	7286189			
814461	15	S	8	71	59451	9.24	116.004	34.146975	-117.483396		OR	1	BASELINE SB	7286193			
814462	15	S	8	71	59451	9.24	116.004	34.146975	-117.483396		FR	1	BASELINE SB	7286193			
814467	15	S	8	71		12.07	118.834	34.174712	-117.447638		OR	1	SIERRA	7286196			
814468	15	S	8	71		12.07	118.834	34.174712	-117.447638		FR	1	SIERRA	7286196			
814496	210	W	8	71	24680	13.66	66.099	34.136815	-117.458127		OR	2	210 @ CITRUS WB/ON				
814498	210	W	8	71	24680	13.66	66.099	34.136815	-117.458127		FR	1	210 @ CITRUS WB/ON				
814499	210	W	8	71	24680	13.66	66.099	34.136815	-117.458127	1.519	ML	3	210 @ CITRUS WB/ON				
814500	210	W	8	71	24680	13.66	66.099	34.136815	-117.458127	2.025	HV	1	210 @ CITRUS WB/ON				
814504	210	E	8	71	24680	14.15	66.589	34.13611	-117.449477		OR	2	210 @ CITRUS EB/ON				
814505	210	E	8	71	24680	14.15	66.589	34.13611	-117.449477		FR	1	210 @ CITRUS EB/ON				
814506	210	E	8	71	24680	14.15	66.589	34.13611	-117.449477	1.884	ML	3	210 @ CITRUS EB/ON				
814507	210	E	8	71	24680	14.15	66.589	34.13611	-117.449477	1.884	HV	1	210 @ CITRUS EB/ON				
814546	30	W	8	71	59451	20.54	13.259	34.136074	-117.352646		OR	3	210 @ STATE WB/ON				
814547	30	W	8	71	59451	20.54	13.259	34.136074	-117.352646		FR	1	210 @ STATE WB/ON				
814548	30	W	8	71	59451	20.54	13.259	34.136074	-117.352646	2.673	ML	3	210 @ STATE WB/ON				
814549	30	W	8	71	59451	20.54	13.259	34.136074	-117.352646	3.505	HV	1	210 @ STATE WB/ON				
814550	30	E	8	71	59451	20.76	13.479	34.136039	-117.34881		OR	2	210 @ STATE EB/ON				
814551	30	E	8	71	59451	20.76	13.479	34.136039	-117.34881		FR	2	210 @ STATE EB/ON				
814552	30	E	8	71	59451	20.76	13.479	34.136039	-117.34881	1.26	ML	3	210 @ STATE EB/ON				
814553	30	E	8	71	59451	20.76	13.479	34.136039	-117.34881	3.44	HV	1	210 @ STATE EB/ON				
814558	30	W	8	71	59451	18.53	11.249	34.13593	-117.387819		OR	2	210@RIVERSIDE WB/ON				
814559	30	W	8	71	59451	18.53	11.249	34.13593	-117.387819		FR	2	210@RIVERSIDE WB/ON				
814560	30	W	8	71	59451	18.53	11.249	34.13593	-117.387819	1.645	ML	3	210@RIVERSIDE WB/ON				
814561	30	W	8	71	59451	18.53	11.249	34.13593	-117.387819	1.645	HV	1	210@RIVERSIDE WB/ON				
814564	30	E	8	71	59451	18.88	11.599	34.135873	-117.381654		OR	2	210@RIVERSIDE EB/ON				
814565	30	E	8	71	59451	18.88	11.599	34.135873	-117.381654		FR	1	210@RIVERSIDE EB/ON				
814566	30	E	8	71	59451	18.88	11.599	34.135873	-117.381654	1.54	ML	3	210@RIVERSIDE EB/ON				
814567	30	E	8	71	59451	18.88	11.599	34.135873	-117.381654	1.54	HV	1	210@RIVERSIDE EB/ON				
814630	15	N	8	65		52.1	159.632	34.647816	-117.215963	3.79	ML	5	M 1.2 S/O JURUPA ST				
814766	215	N	8	71	65000	6.204	43.511	34.094196	-117.30177		FR	1	MILL ST NB ON	7282158			
814770	91	E	8	65	16350	9.15	46.494	33.885934	-117.518393		OR	1	MCKINLEY LOOP ON	137			
814779	210	E	8	71	13756	1.6	54.039	34.134363	-117.668476		FR	2	E/B MOUNTAIN AVE	7286231			
814815	91	E	8	65	62000	17.929	55.273	33.947227	-117.387485		FR	1	ARLINGTON	103			
814852	71	S	8	71	13214	R5.083	10.033	33.965512	-117.687597		FR	1	SB ON SOQUEL CYN				
814857	71	S	8	71	13214	R6.71	11.66	33.945315	-117.67299		FR	1	SB ON PINE AVE				
814860	71	S	8	71	13214	R7.956	12.906	33.930984	-117.659792	.752	HV	1	EUCLID AVE SB ON				
814862	71	S	8	71	13214	R8.213	13.163	33.927697	-117.65738	.465	HV	1	EUCLID AVE SB ON				
814914	71	N	8	71	13214	R4.685	9.635	33.970743	-117.692257		FR	1	NB ON SOQUEL CYN				
814922	71	N	8	71	13214	R6.348	11.298	33.950369	-117.676045		FR	1	NB ON PINE AVE				
814924	71	N	8	71	13214	R8.026	12.976	33.93026	-117.658916		FR	1	EUCLID AVE NB ON				
814929	210	E	8	71	81344	4.1	56.539	34.134923	-117.624903		FR	1	E/B CAMPUS ONR	7286223			
814931	210	W	8	71	13756	1.4	53.839	34.13449	-117.671995		FR	1	W/B MOUNTAIN AVE ONR	7286230			
814933	210	W	8	71	13756	R3.3	55.739	34.135077	-117.638878		FR	1	W/B CAMPUS ONR	7286222			
814935	210	W	8	71	81344	4.5	56.939	34.135159	-117.617941		FR	1	W/B CARNELIAN ONR	7286225			
814937	210	W	8	71	81344	5.7	58.139	34.135225	-117.596997		FR	1	W/B ARCHIBALD ONR	7286219			
814939	210	W	8	71	81344	6.8	59.239	34.13609	-117.577842		FR	1	W/B HAVEN ONR	7286210			
814941	210	W	8	71	81344	7.8	60.239	34.13678	-117.560431		FR	1	W/B MILLIKEN ONR	7286212			
814943	210	W	8	71	59451	8.8	61.239	34.13666	-117.542984		FR	1	W/B DAY CREEK ONR	7286215			
814945	210	W	8	71	24680	12.148	64.587	34.136485	-117.484369		FR	1	210@CHERRY RMS				
814949	210	E	8	71	81344	R4.7	57.139	34.13488	-117.614434		FR	1	E/B CARNELIAN ONR	7286226			
814951	210	E	8	71	81344	6	58.439	34.135048	-117.591753		FR	1	E/B ARCHIBALD ONR	7286220			
814953	210	E	8	71	81344	7	59.439	34.136045	-117.574367		FR	1	E/B HAVEN ONR	7286211			
814955	210	E	8	71	81344	8	60.439	34.136461	-117.556942		FR	1	E/B MILLIKEN ONR	7286213			
814957	210	E	8	71	59451	9.4	61.839	34.136302	-117.532518		FR	1	E/B DAY CREEK ONR	7286216			
814959	210	E	8	71	24680	11.663	64.102	34.13621	-117.492893		FR	1	210@CHERRY				
815107	60	W	8	71	13210	R1.192	31.789	34.030267	-117.709995		FR	1	RAMONA	39			
815111	15	S	8	71	24680	9.651	116.415	34.151077	-117.478415		FR	1	15@SUMMIT SB				
815315	15	S	8	65		49.8	104.283	33.997387	-117.550465		OR	2	CANTU GALLEANO SB ON				
815316	15	S	8	65		49.8	104.283	33.997387	-117.550465		FR	1	CANTU GALLEANO SB ON				
815317	15	S	8	65		49.8	104.283	33.997387	-117.550465	.205	ML	3	CANTU GALLEANO SB ON				
815330	15	S	8	65		50.2	104.683	34.003174	-117.550553		OR	2	CANTU GALLEANO SB LP				
815332	15	S	8	65		50.2	104.683	34.003174	-117.550553	.23	ML	3	CANTU GALLEANO SB LP				
815346	15	N	8	65		50.1	104.593	34.001727	-117.550138		OR	3	CANTU GALLEANO NB LP				
815347	15	N	8	65		50.1	104.593	34.001727	-117.550138	.456	ML	3	CANTU GALLEANO NB LP				
