ID	Fwy	Dir	District	County	City	State_PM	Abs_PM	Latitude	Longitude	Length	Type	Lanes	Name	User_ID_1	User_ID_2	User_ID_3	User_ID_4
801230	10	W	8	71	48788	.58	47.345	34.081983	-117.700152	.839	ML	4	MONTE VISTA	1			
801231	10	W	8	71	48788	.578	47.343	34.081979	-117.700186		OR	2	MONTE VISTA	1			
801232	10	E	8	71	48788	.77	47.535	34.082366	-117.696893	1.031	ML	4	MONTE VISTA	2			
801233	10	E	8	71	48788	.801	47.566	34.082515	-117.696383		OR	2	MONTE VISTA	2			
801234	10	W	8	71	48788	1.168	47.933	34.085065	-117.690768	.666	ML	4	CENTRAL	3			
801236	10	W	8	71	48788	1.148	47.913	34.084928	-117.691072		OR	2	CENTRAL	3			
801237	10	E	8	71	48788	1.361	48.126	34.086174	-117.687669	.569	ML	4	CENTRAL	4			
801238	10	E	8	71	48788	1.361	48.126	34.086174	-117.687669		OR	2	CENTRAL	4			
801239	10	E	8	71	81344	1.908	48.673	34.087191	-117.67832	.573	ML	4	.14 E/O BENSON	5			
801241	10	W	8	71	81344	2.236	49.001	34.087444	-117.672658	.513	ML	4	MOUNTAIN	6			
801242	10	W	8	71	81344	2.236	49.001	34.087444	-117.672658		OR	2	MOUNTAIN	6			
801243	10	E	8	71	81344	2.508	49.273	34.087205	-117.667846	.512	ML	4	MOUNTAIN	7			
801244	10	E	8	71	81344	2.508	49.273	34.087205	-117.667846		OR	2	MOUNTAIN	7			
801245	10	E	8	71	81344	2.932	49.697	34.087226	-117.660445	.549	ML	4	.01 E/O SAN ANTONIO	8			
801248	10	W	8	71	81344	3.544	50.309	34.087474	-117.649739	.535	ML	4	EUCLID LOOP	10			
801249	10	W	8	71	81344	3.545	50.31	34.087474	-117.649722		OR	1	EUCLID LOOP	10			
801250	10	E	8	71	81344	3.605	50.37	34.087268	-117.648702	.852	ML	4	EUCLID	11			
801252	10	E	8	71	81344	3.596	50.361	34.087267	-117.648858		OR	1	EUCLID	11			
801255	10	E	8	71	81344	4.636	51.401	34.082592	-117.632187	.865	ML	4	.25 W/O GROVE	13			
801259	10	W	8	71	53896	5.164	51.929	34.078419	-117.624451	.796	ML	4	4TH ST	15			
801260	10	W	8	71	53896	5.164	51.929	34.078419	-117.624451		OR	1	4TH ST	15			
801261	10	E	8	71	53896	5.335	52.1	34.076808	-117.622187	.81	ML	4	4TH ST	16			
801262	10	E	8	71	53896	5.335	52.1	34.076808	-117.622187		OR	1	4TH ST	16			
801265	10	W	8	71	53896	6.045	52.81	34.071138	-117.611829	.265	ML	4	VINEYARD	18			
801266	10	W	8	71	53896	6.045	52.81	34.071138	-117.611829		OR	1	VINEYARD	18			
801267	10	W	8	71	53896	6.133	52.898	34.070465	-117.610528	.385	ML	4	VINEYARD LOOP	19			
801268	10	W	8	71	53896	6.126	52.891	34.070519	-117.610631		OR	1	VINEYARD LOOP	19			
801269	10	E	8	71	53896	6.257	53.022	34.069468	-117.608734	.822	ML	4	VINEYARD	20			
801270	10	E	8	71	53896	6.299	53.064	34.069226	-117.60806		OR	2	VINEYARD	20			
801271	10	W	8	71	53896	6.8	53.565	34.068056	-117.599428		OR	2	ARCHIBALD	21			
801272	10	E	8	71	53896	6.779	53.544	34.067589	-117.599952		FR	2	ARCHIBALD	21			
801273	10	E	8	71	53896	6.978	53.743	34.067506	-117.596479		OR	2	HOLT BLVD	22			
801274	10	W	8	71	53896	6.978	53.743	34.067824	-117.5964		FR	2	HOLT BLVD	22			
801275	10	E	8	71	53896	7.311	54.076	34.067475	-117.590669		OR	3	ARCHIBALD	23			
801276	10	W	8	71	53896	7.292	54.057	34.067723	-117.590995		FR	1	ARCHIBALD	23			
801277	10	W	8	71	53896	7.788	54.553	34.067702	-117.582357	.612	ML	4	.5 E/O ARCHIBALD	24			
801279	10	W	8	71	53896	8.038	54.803	34.067681	-117.578004	.251	ML	4	HAVEN	25			
801281	10	W	8	71	53896	8.038	54.803	34.067681	-117.578004		OR	2	HAVEN	25			
801282	10	W	8	71	53896	8.29	55.055	34.06767	-117.573615	2.626	ML	4	HAVEN LOOP	26			
801283	10	W	8	71	53896	8.228	54.993	34.067676	-117.574695		OR	2	HAVEN LOOP	26			
801284	10	E	8	71	53896	8.288	55.053	34.067448	-117.573649	.217	ML	4	HAVEN	27			
801285	10	E	8	71	53896	8.283	55.048	34.067449	-117.573736		OR	2	HAVEN	27			
801286	10	E	8	71	53896	8.108	54.873	34.06745	-117.576784	.25	ML	4	HAVEN LOOP	28			
801287	10	E	8	71	53896	8.108	54.873	34.06745	-117.576784		OR	1	HAVEN LOOP	28			
801288	10	E	8	71	53896	8.543	55.308	34.067404	-117.569207	2.627	ML	4	.38 E/O HAVEN	29			
801290	15	N	8	65	16350	38.926	93.419	33.847078	-117.534347	2.753	ML	4	ONTARIO	30			
801292	15	N	8	65	16350	38.926	93.419	33.847078	-117.534347		OR	1	ONTARIO	30			
801320	15	S	8	65	16350	42.734	97.217	33.896559	-117.55927	.822	ML	4	YUMA	32			
801321	15	S	8	65	16350	42.734	97.217	33.896559	-117.55927		OR	2	HIDDEN VALLEY	32			
801323	15	N	8	65	16350	43.023	97.516	33.900788	-117.559985		OR	2	HIDDEN VALLEY	33			
801324	15	S	8	65	51560	43.458	97.941	33.907044	-117.559495	.98	ML	4	2ND	34			
801326	15	S	8	65	51560	43.477	97.96	33.907319	-117.559432		OR	2	2ND	34			
801327	15	N	8	65	51560	43.692	98.185	33.910359	-117.558301	1.076	ML	3	N/O 2ND	35			
801329	15	N	8	65	51560	43.967	98.46	33.914275	-117.55745	.25	ML	3	0.3 N/O 2ND	36			
801331	15	N	8	65	51560	44.194	98.687	33.917527	-117.556895	.363	ML	3	.08 N/O 3RD ST	37			
801335	15	N	8	65	51560	44.694	99.187	33.924745	-117.556298	.741	ML	3	.02 N/O 4TH ST	38			
801337	60	W	8	71	13210	R1.182	31.779	34.030255	-117.710169	1.675	ML	4	RAMONA	39			
801339	60	W	8	71	13210	R1.182	31.779	34.030255	-117.710169		OR	1	RAMONA	39			
801340	60	E	8	71	13210	R1.485	32.082	34.030056	-117.704815	.731	ML	4	RAMONA	40			
801342	60	E	8	71	13210	R1.485	32.082	34.030056	-117.704815		OR	1	RAMONA	40			
801343	60	W	8	71	13210	R2.174	32.771	34.030387	-117.692844	.804	ML	4	CENTRAL	41			
801345	60	W	8	71	13210	R2.174	32.771	34.030387	-117.692844		OR	1	CENTRAL	41			
801346	60	E	8	71	13210	R2.542	33.139	34.030152	-117.68643	1.152	ML	4	CENTRAL	42			
801348	60	E	8	71	13210	R2.542	33.139	34.030152	-117.68643		OR	1	CENTRAL	42			
801349	60	W	8	71	13210	R3.431	34.028	34.030503	-117.67093	.803	ML	4	MOUNTAIN	43			
801351	60	W	8	71	13210	R3.431	34.028	34.030503	-117.67093		OR	1	MOUNTAIN	43			
801352	60	E	8	71	13210	R3.789	34.386	34.030268	-117.664687	.724	ML	4	MOUNTAIN	44			
801354	60	E	8	71	13210	R3.789	34.386	34.030268	-117.664687		OR	1	MOUNTAIN	44			
801355	60	W	8	71	13210	R4.398	34.995	34.03055	-117.654025	1.141	ML	4	EUCLID	45			
801357	60	W	8	71	53896	R4.398	34.995	34.03055	-117.654025		OR	1	EUCLID	45			
801358	60	E	8	71	53896	R4.779	35.376	34.03033	-117.647377	.65	ML	4	EUCLID	46			
801360	60	E	8	71	53896	R4.779	35.376	34.03033	-117.647377		OR	1	EUCLID	46			
801361	60	W	8	71	53896	R5.713	36.31	34.030623	-117.631124	1.153	ML	4	GROVE	47			
801363	60	W	8	71	53896	R5.699	36.296	34.030622	-117.631368		OR	2	GROVE	47			
801364	60	E	8	71	53896	R6.039	36.636	34.030392	-117.625446	.882	ML	4	GROVE	48			
801366	60	E	8	71	53896	R6.039	36.636	34.030392	-117.625446		OR	2	GROVE	48			
801367	60	W	8	71	53896	R6.704	37.301	34.03068	-117.61388	1.01	ML	4	VINEYARD	49			
801369	60	W	8	71	53896	R6.694	37.291	34.030679	-117.614054		OR	1	VINEYARD	49			
801370	60	E	8	71	53896	R7.054	37.651	34.03045	-117.607779	1.001	ML	4	VINEYARD	50			
801372	60	E	8	71	53896	R7.054	37.651	34.03045	-117.607779		OR	1	VINEYARD	50			
801373	60	W	8	71	53896	R7.733	38.33	34.0307	-117.595966	1.007	ML	4	ARCHIBALD	51			
801375	60	W	8	71	53896	R7.707	38.304	34.0307	-117.596418		OR	2	ARCHIBALD	51			
801376	60	E	8	71	53896	R8.043	38.64	34.030487	-117.590566	.996	ML	4	ARCHIBALD	52			
801378	60	E	8	71	53896	R8.061	38.658	34.030485	-117.590253		OR	2	ARCHIBALD	52			
801379	60	W	8	71	53896	R8.72	39.317	34.029928	-117.578863	1.776	ML	4	HAVEN	53			
801381	60	W	8	71	53896	R8.712	39.309	34.029962	-117.578997		OR	2	HAVEN	53			
801383	60	E	8	71	53896	R9.046	39.643	34.028196	-117.57346	1.458	ML	4	HAVEN	54			
801385	60	E	8	71	53896	R9.057	39.654	34.028146	-117.573279		OR	2	HAVEN	54			
801387	60	W	8	71	53896	R9.046	49.326	34.028461	-117.573456	5	ML	4	MILLIKEN	55			
801389	60	W	8	71	53896	R9.754	40.351	34.025157	-117.56176		OR	1	MILLIKEN	55			
801390	60	E	8	65		R9.754	50.034	34.004792	-117.397004	4.267	ML	4	MILLIKEN	56			
801392	60	E	8	65		R.239	40.794	34.02283	-117.554467		OR	1	MILLIKEN	56			
801393	60	W	8	65	62000	13.392	53.513	33.942498	-117.277554		OR	1	DAY	57			
801394	60	E	8	65	62000	13.447	53.568	33.942128	-117.276661	2.298	ML	2	DAY	58			
801396	60	E	8	65	62000	13.447	53.568	33.942128	-117.276661		OR	2	DAY	58			
801397	60	W	8	65	62000	14.168	54.289	33.940876	-117.264242	.51	ML	2	PIGEON PASS	59			
801399	60	W	8	65	62000	14.168	54.289	33.940876	-117.264242		OR	2	PIGEON PASS	59			
801400	60	W	8	65	49270	14.412	54.533	33.940948	-117.259999	.499	ML	2	PIGEON PASS  LOOP	60			
801401	60	W	8	65	49270	14.412	54.533	33.940948	-117.259999		OR	1	PIGEON PASS  LOOP	60			
801402	60	E	8	65	49270	14.509	54.63	33.940779	-117.258321	1.024	ML	2	PIGEON PASS	61			
801403	60	E	8	65	49270	14.509	54.63	33.940779	-117.258321		OR	1	PIGEON PASS	61			
801404	60	W	8	65	49270	15.166	55.287	33.941149	-117.246877	.892	ML	2	HEACOCK	62			
801406	60	W	8	65	49270	15.166	55.287	33.941149	-117.246877		OR	2	HEACOCK	62			
801407	60	E	8	65	49270	15.495	55.616	33.941022	-117.241174	1.046	ML	2	HEACOCK	63			
801409	60	E	8	65	49270	15.495	55.616	33.941022	-117.241174		OR	1	HEACOCK	63			
801410	60	W	8	65	49270	16.195	56.316	33.94038	-117.229089	3.014	ML	2	PERRIS	64			
801412	60	W	8	65	49270	16.195	56.316	33.94038	-117.229089		OR	2	PERRIS	64			
801415	91	E	8	65		R.413	37.645	33.871875	-117.665633	.702	ML	4	.41 E/O CO LINE	65			
801416	91	E	8	65		R.413	37.645	33.871875	-117.665633	.702	HV	1	2180' E/O CO LINE	65			
801418	91	W	8	65		R.915	38.233	33.877414	-117.659427	1.057	ML	6	GREEN RIVER	66			
801421	91	W	8	65		R.918	38.236	33.877446	-117.659389		OR	2	GREEN RIVER	66			
801422	91	E	8	65		R1.126	38.358	33.879148	-117.656352	.6	ML	4	GREEN RIVER	67			
801423	91	E	8	65		R1.126	38.358	33.879148	-117.656352	.6	HV	1	GREEN RIVER	67			
801425	91	E	8	65		R1.16	38.392	33.879396	-117.655842		OR	2	GREEN RIVER	67			
801428	91	E	8	65		R1.614	38.846	33.881468	-117.64838	.721	ML	4	.45 W/O RTE 71	68			
801429	91	E	8	65		R1.614	38.846	33.881468	-117.64838	.721	HV	1	2400' W/O RTE 71	68			
801431	91	W	8	65		R1.959	39.277	33.883108	-117.642727	.996	ML	4	RTE 71	69			
801432	91	W	8	65		R1.959	39.277	33.883108	-117.642727	.996	HV	1	RTE 71	69			
801434	91	W	8	65		R1.96	39.278	33.883113	-117.642711		OR	2	RTE 71	69			
801435	91	E	8	65		R2.569	39.801	33.884647	-117.632335	.72	ML	4	RTE 71	70			
801436	91	E	8	65		R2.569	39.801	33.884647	-117.632335	.72	HV	1	RTE 71	70			
801437	91	E	8	65		R2.569	39.801	33.884647	-117.632335		OR	2	RTE 71	70			
801438	91	E	8	65		R2.324	39.556	33.884354	-117.636547		FR	1	RTE 71	70			
801442	91	E	8	65		R3.054	40.286	33.882487	-117.624363	.626	ML	4	.66 W/O SERFAS CL	71			
801443	91	E	8	65		R3.054	40.286	33.882487	-117.624363	.626	HV	1	3500' W/O SERFAS CL	71			
801445	91	W	8	65		R3.555	40.873	33.881196	-117.615867	1.186	ML	4	SERFAS CLUB	72			
801446	91	W	8	65		R3.555	40.873	33.881196	-117.615867	1.182	HV	1	SERFAS CLUB	72			
801448	91	W	8	65		R3.555	40.873	33.881196	-117.615867		OR	2	SERFAS CLUB	72			
801449	91	E	8	65		R3.822	41.054	33.88042	-117.611284	.65	ML	4	SERFAS CLUB	73			
801450	91	E	8	65		R3.822	41.054	33.88042	-117.611284	.65	HV	1	SERFAS CLUB	73			
801452	91	E	8	65		R3.815	41.047	33.880436	-117.611405		OR	2	SERFAS CLUB	73			
801455	91	W	8	65	16350	4.218	41.648	33.880421	-117.602524	.918	ML	4	MAPLE	74			
801456	91	W	8	65	16350	4.21	41.64	33.880399	-117.60266		OR	1	MAPLE	74			
801457	91	E	8	65	16350	4.241	41.585	33.880347	-117.602096	.52	ML	4	MAPLE	75			
801458	91	E	8	65	16350	4.241	41.585	33.880347	-117.602096	.52	HV	1	MAPLE	75			
801460	91	E	8	65	16350	4.234	41.578	33.880327	-117.602215		OR	2	MAPLE	75			
801464	91	E	8	65	16350	4.75	42.094	33.881713	-117.593399	.631	ML	4	.02 E/O SMITH	76			
801465	91	E	8	65	16350	4.75	42.094	33.881713	-117.593399	.631	HV	1	100' E/O SMITH	76			
801469	91	W	8	65	16350	5.28	42.71	33.882116	-117.584327	.836	ML	4	LINCOLN	77			
801470	91	W	8	65	16350	5.28	42.71	33.882116	-117.584327	.84	HV	1	LINCOLN	77			
801472	91	W	8	65	16350	5.294	42.724	33.882091	-117.584085		OR	2	LINCOLN	77			
801473	91	E	8	65	16350	5.504	42.848	33.881537	-117.580389	.871	ML	4	LINCOLN	78			
801474	91	E	8	65	16350	5.504	42.848	33.881537	-117.580389	.871	HV	1	LINCOLN	78			
801476	91	E	8	65	16350	5.498	42.842	33.881549	-117.580492		OR	2	LINCOLN	78			
801477	91	W	8	65	16350	5.89	43.32	33.881003	-117.573819	.478	ML	4	GRAND	79			
801478	91	W	8	65	16350	5.89	43.32	33.881003	-117.573819	.478	HV	1	GRAND	79			
801480	91	W	8	65	16350	5.899	43.329	33.880985	-117.573664		OR	1	GRAND	79			
801481	91	W	8	65	16350	6.237	43.667	33.88036	-117.567844	1.6	ML	4	MAIN	80			
801482	91	W	8	65	16350	6.237	43.667	33.88036	-117.567844	1.6	HV	1	MAIN	80			
801484	91	W	8	65	16350	6.241	43.671	33.880353	-117.567775		OR	2	MAIN	80			
801485	91	E	8	65	16350	6.492	43.836	33.879688	-117.563356	.623	ML	4	MAIN	81			
801486	91	E	8	65	16350	6.492	43.836	33.879688	-117.563356	.623	HV	1	MAIN	81			
801487	91	E	8	65	16350	6.488	43.832	33.879697	-117.563425		OR	2	MAIN	81			
801488	91	E	8	65	16350	6.751	44.095	33.879193	-117.558894	1.328	ML	4	.09 E/O EAST GRAND	82			
801489	91	E	8	65	16350	6.751	44.095	33.879193	-117.558894	1.328	HV	1	500'E/O EAST GRAND	82			
801490	91	W	8	65	16350	9.09	46.52	33.885703	-117.519441	2.243	ML	3	MCKINLEY	83			
801491	91	W	8	65	16350	9.09	46.52	33.885703	-117.519441	2.243	HV	1	MCKINLEY	83			
801492	91	W	8	65	16350	9.062	46.492	33.885516	-117.519873		OR	2	MCKINLEY	83			
801493	91	E	8	65	16350	9.23	46.574	33.886508	-117.517184	1.035	ML	4	MCKINLEY	84			
801495	91	E	8	65	16350	9.324	46.668	33.887191	-117.515766		OR	1	MCKINLEY	84			
801496	91	W	8	65	62000	10.724	48.154	33.897117	-117.494526	.981	ML	3	PIERCE	85			
801497	91	W	8	65	62000	10.724	48.154	33.897117	-117.494526	.981	HV	1	PIERCE	85			
801498	91	W	8	65	62000	10.638	48.068	33.89671	-117.495937		OR	2	PIERCE	85			
801499	91	W	8	65	62000	11.052	48.482	33.897372	-117.488881	.578	ML	3	MAGNOLIA	86			
801500	91	W	8	65	62000	11.052	48.482	33.897372	-117.488881	.601	HV	1	MAGNOLIA	86			
801501	91	W	8	65	62000	11.052	48.482	33.897372	-117.488881		OR	1	MAGNOLIA	86			
801502	91	E	8	65	62000	11.219	48.563	33.896796	-117.485867	1.481	ML	3	MAGNOLIA	87			
801503	91	E	8	65	62000	11.219	48.563	33.896796	-117.485867	1.467	HV	1	MAGNOLIA	87			
801504	91	E	8	65	62000	11.219	48.563	33.896796	-117.485867		OR	2	MAGNOLIA	87			
801505	91	W	8	65	62000	11.88	49.31	33.899363	-117.475206	.928	ML	3	LA SIERRA	88			
801507	91	W	8	65	62000	11.894	49.324	33.899464	-117.474994		OR	2	LA SIERRA	88			
801508	91	E	8	65	62000	12.176	49.52	33.900809	-117.4703		OR	2	LA SIERRA	89			
801509	91	E	8	65	62000	12.192	49.536	33.900862	-117.470028	.988	ML	3	LA SIERRA	89			
801511	91	W	8	65	62000	12.907	50.337	33.905268	-117.458919	1.048	ML	3	TYLER	90			
801513	91	W	8	65	62000	12.923	50.353	33.905397	-117.458688		OR	2	TYLER	90			
801514	91	E	8	65	62000	13.179	50.523	33.907347	-117.45486		OR	2	TYLER	91			
801515	91	E	8	65	62000	13.196	50.54	33.907487	-117.454615	1.011	ML	3	TYLER	91			
801517	91	W	8	65	62000	13.977	51.407	33.914026	-117.443515	1.325	ML	3	VAN BUREN	92			
801519	91	W	8	65	62000	14.016	51.446	33.914346	-117.442954		OR	2	VAN BUREN	92			
801520	91	E	8	65	62000	14.213	51.557	33.915829	-117.439993	.759	ML	3	VAN BUREN	93			
801522	91	E	8	65	62000	14.232	51.576	33.915986	-117.439721		OR	2	VAN BUREN	93			
801523	91	E	8	65	62000	14.714	52.058	33.919915	-117.432776	.75	ML	4	.11 E/O JACKSON	94			
801527	91	W	8	65	62000	15.556	52.986	33.926926	-117.42083	1.306	ML	3	ADAMS	96			
801529	91	W	8	65	62000	15.556	52.986	33.926926	-117.42083		OR	2	ADAMS	96			
801530	91	E	8	65	62000	15.713	53.057	33.928077	-117.418405	.766	ML	4	ADAMS	97			
801532	91	E	8	65	62000	15.713	53.057	33.928077	-117.418405		OR	2	ADAMS	97			
801533	91	E	8	65	62000	16.247	53.591	33.932457	-117.410737	.519	ML	4	.09 E/O JEFFERSON	98			
801535	91	W	8	65	62000	16.59	54.02	33.935381	-117.405979	1.084	ML	4	MADISON	99			
801537	91	W	8	65	62000	16.581	54.011	33.935308	-117.406109		OR	2	MADISON	99			
801538	91	E	8	65	62000	16.751	54.095	33.936564	-117.403479	.515	ML	3	MADISON	100			
801540	91	E	8	65	62000	16.756	54.1	33.936604	-117.403407		OR	2	MADISON	100			
801541	91	E	8	65	62000	17.278	54.622	33.941008	-117.396017	.595	ML	4	.57 W/O ARLINGTON	101			
801543	91	W	8	65	62000	17.724	55.154	33.945336	-117.390312	.879	ML	4	ARLINGTON	102			
801545	91	W	8	65	62000	17.712	55.142	33.945222	-117.39047		OR	2	ARLINGTON	102			
801546	91	E	8	65	62000	17.943	55.287	33.947366	-117.387307	.63	ML	4	ARLINGTON	103			
801548	91	E	8	65	62000	17.94	55.284	33.947336	-117.387345		OR	2	ARLINGTON	103			
801549	91	W	8	65	62000	18.347	55.777	33.952735	-117.384542	1.078	ML	4	CENTRAL	104			
801551	91	W	8	65	62000	18.337	55.767	33.952605	-117.384618		OR	2	CENTRAL	104			
801552	91	E	8	65	62000	18.539	55.883	33.95479	-117.382298	.724	ML	4	CENTRAL	105			
801554	91	E	8	65	62000	18.536	55.88	33.95476	-117.382336		OR	2	CENTRAL	105			
801559	91	W	8	65	62000	19.882	57.312	33.97233	-117.37426	1	ML	4	14TH	108			
801561	91	W	8	65	62000	19.882	57.312	33.97233	-117.37426		OR	2	14TH	108			
801562	91	E	8	65	62000	20.084	57.428	33.974848	-117.372478	2.008	ML	4	14TH	109			
801564	91	E	8	65	62000	20.084	57.428	33.974848	-117.372478		OR	1	14TH	109			
801565	91	W	8	65	62000	20.348	57.778	33.978546	-117.371229	.6	ML	4	9TH	110			
801567	91	W	8	65	62000	20.344	57.774	33.978491	-117.371252		OR	2	9TH	110			
801571	91	W	8	65	62000	21.082	58.512	33.987202	-117.364007	.944	ML	4	MULBERRY	112			
801573	91	W	8	65	62000	21.096	58.526	33.987355	-117.363849		OR	1	MULBERRY	112			
801595	215	N	8	65	62000	45.055	37.029	34.015909	-117.342097	2.871	ML	3	COLUMBIA	120			
801597	215	N	8	65	62000	44.055	36.029	34.003249	-117.350602		OR	2	COLUMBIA	120			
805627	15	S	8	71	53896	.824	107.588	34.045432	-117.550418	1.876	ML	4	JURUPA				
805629	15	S	8	71	53896	.765	107.529	34.044576	-117.550436		OR	1	JURUPA				
805631	15	N	8	71	53896	1.197	107.971	34.050735	-117.548828	1.573	ML	5	JURUPA				
805633	15	N	8	71	53896	1.229	108.003	34.051171	-117.54864		OR	1	JURUPA				
805941	215	N	8	71	14890	4.1	41.407	34.064776	-117.29615	3.014	ML	4	.09 N/O I 10	7282151			
805942	215	S	8	71	65000	4.855	42.162	34.07566	-117.295753		OR	1	ORANGE SHOW SB ON	7282152			
805943	215	S	8	71	65000	5.061	42.368	34.078489	-117.29679		OR	1	ORANGE SHOW SB L ON	7282153			
805944	215	S	8	71	65000	5.947	43.254	34.090451	-117.301957	.625	ML	3	HUFF ST SB ON	7282157			
805945	215	N	8	71	65000	5.128	42.435	34.079417	-117.297146		OR	1	ORANGE SHOW NB ON	7282154			
805946	215	S	8	71	65000	5.433	42.74	34.083262	-117.299897		OR	1	INLAND CENTER SB ON	7282155			
805947	215	N	8	71	65000	5.534	42.841	34.084626	-117.30056		OR	1	INLAND CENTER NB ON	7282156			
805948	215	S	8	71	65000	5.947	43.254	34.090451	-117.301957		OR	1	HUFF ST SB ON	7282157			
805950	215	S	8	71	65000	6.683	43.99	34.101134	-117.301938		OR	1	SECOND ST SB ON	7282159			
805951	215	N	8	71	65000	6.919	44.226	34.104527	-117.301936		OR	1	SECOND ST NB ON	72821510			
805952	215	S	8	71	65000	6.935	44.242	34.104757	-117.302304		OR	1	4TH ST SB ON	72821511			
805953	215	N	8	71	65000	7.102	44.409	34.107149	-117.302359		OR	1	4TH ST NB ON	72821512			
805954	215	S	8	71	65000	6.683	43.99	34.101134	-117.301938	.494	ML	3	SECOND ST  SB  ON	7282159			
805955	215	S	8	71	65000	6.935	44.242	34.104757	-117.302304	2.626	ML	3	4TH ST SB  ON	72821511			
805956	215	S	8	71	65000	5.061	42.368	34.078489	-117.29679	.289	ML	3	ORANGE SHOW SB L ON	7282153			
806019	215	S	8	71	65000	4.855	42.162	34.07566	-117.295753	.48	ML	3	ORANGE SHOW SB ON	7282152			
806027	215	N	8	71	65000	5.128	42.435	34.079417	-117.297146	.717	ML	3	ORANGE SHOW NB ON	7282154			
806030	215	N	8	71	65000	5.534	42.841	34.084626	-117.30056	.538	ML	3	INLAND CENTER NB ON	7282156			
806033	215	N	8	71	65000	6.204	43.511	34.094196	-117.30177	.692	ML	3	MILL ST NB ON	7282158			
806039	215	S	8	71	65000	5.433	42.74	34.083262	-117.299897	.443	ML	3	INLAND CENTER SB ON	7282155			
806040	215	N	8	71	65000	6.919	44.226	34.104527	-117.301936	.448	ML	3	SECOND ST NB ON	72821510			
806041	215	N	8	71	65000	7.102	44.409	34.107149	-117.302359	2.591	ML	3	4TH ST NB ON	72821512			
806048	10	W	8	71	48788	1.168	47.933	34.085065	-117.690768	.66	HV	1	CENTRAL	3			
806068	10	W	8	71	48788	.591	47.356	34.082004	-117.699964	.845	HV	1	MONTE VISTA	1			
806108	10	E	8	71	53896	8.108	54.873	34.06745	-117.576784	.216	HV	1	HAVEN LOOP	28			
806176	15	N	8	65		39.431	93.924	33.854227	-117.535177	.383	ML	4	.01 N/O Temescal OC	132			
806191	15	N	8	65		39.693	94.186	33.858025	-117.535704	.792	ML	4	.25 N/O Old Temescal	133			
806218	15	N	8	65		41.015	95.508	33.875086	-117.545245	.883	ML	4	.02 S/O Corona OH	135			
806224	15	N	8	65	16350	41.458	95.951	33.881283	-117.546824	.399	ML	4	.19 S/O Jct 15/91	136			
806266	91	W	8	65	62000	16.588	54.018	33.935365	-117.406008	3.011	HV	1	MADISON	99			
806288	10	E	8	71	48788	.721	47.486	34.082149	-117.697705	.996	HV	1	MONTE VISTA	2			
806348	60	W	8	71	53896	R9.775	50.055	34.025056	-117.561414	5	HV	1	MILLIKEN	55			
806367	60	W	8	71	53896	R8.72	39.317	34.029928	-117.578863	1.776	HV	1	HAVEN	53			
806370	60	E	8	71	53896	R9.046	39.643	34.028196	-117.57346	1.315	HV	1	HAVEN	54			
806388	60	E	8	65		R9.775	50.055	34.00482	-117.396644	4.256	HV	1	MILLIKEN	56			
806391	60	E	8	71	53896	R8.043	38.64	34.030487	-117.590566	.644	HV	1	ARCHIBALD	52			
806394	60	W	8	71	53896	R7.733	38.33	34.0307	-117.595966	1.007	HV	1	ARCHIBALD	51			
806397	60	W	8	71	53896	R6.704	37.301	34.03068	-117.61388	1.006	HV	1	VINEYARD	49			
806400	60	E	8	71	53896	R7.042	37.639	34.03045	-117.607987	1.001	HV	1	VINEYARD	50			
806403	60	W	8	71	53896	R5.721	36.318	34.030623	-117.630985	1.147	HV	1	GROVE	47			
806406	60	E	8	71	53896	R6.039	36.636	34.030392	-117.625446	.876	HV	1	GROVE	48			
806425	60	W	8	71	13210	R4.408	35.005	34.030551	-117.653849	1.137	HV	1	EUCLID	45			
806428	60	E	8	71	53896	R4.766	35.363	34.03033	-117.647603	.65	HV	1	EUCLID	46			
806447	60	E	8	71	13210	R3.773	34.37	34.030267	-117.664967	.729	HV	1	MOUNTAIN	44			
806467	60	W	8	71	13210	R3.448	34.045	34.030504	-117.670634	.809	HV	1	MOUNTAIN	43			
806470	60	W	8	71	13210	R2.186	32.783	34.030388	-117.692634	.799	HV	1	CENTRAL	41			
806473	60	E	8	71	13210	R2.531	33.128	34.030151	-117.686621	1.153	HV	1	CENTRAL	42			
806476	60	E	8	71	13210	R1.467	32.064	34.030054	-117.705128	.725	HV	1	RAMONA	40			
806479	60	W	8	71	13210	R1.192	31.789	34.030267	-117.709995	1.686	HV	1	RAMONA	39			
806489	10	E	8	71	81344	2.387	49.152	34.087182	-117.669959	.512	HV	1	MOUNTAIN	7			
806510	10	E	8	71	48788	1.342	48.107	34.086058	-117.68797	.595	HV	1	CENTRAL	4			
806525	10	E	8	71	81344	1.912	48.677	34.087192	-117.67825	.523	HV	1	750' E/O BENSON	5			
806526	10	E	8	71	53896	5.603	52.368	34.07462	-117.618315	.482	HV	1	2000' E/O 4TH ST	17			
806574	10	W	8	71	53896	6.814	53.579	34.068037	-117.59919	.827	ML	4	ARCHIBALD	21			
806575	10	W	8	71	53896	6.814	53.579	34.068037	-117.59919	.833	HV	1	ARCHIBALD	21			
806576	10	W	8	71	53896	6.122	52.887	34.070549	-117.61069	.384	HV	1	VINEYARD LOOP	19			
806577	10	W	8	71	53896	5.211	51.976	34.078035	-117.62377	.797	HV	1	4TH ST	15			
806578	10	E	8	71	81344	4.636	51.401	34.082592	-117.632187	.641	HV	1	1300'W/O GROVE	13			
806579	10	E	8	71	81344	3.596	50.361	34.087267	-117.648858	.535	HV	1	EUCLID	11			
806580	10	W	8	71	81344	2.255	49.02	34.087447	-117.672326	.512	HV	1	MOUNTAIN	6			
806581	10	W	8	71	81344	3.545	50.31	34.087474	-117.649722	.333	HV	1	EUCLID LOOP	10			
806582	10	E	8	71	81344	4.009	50.774	34.086895	-117.641704	.52	HV	1	30' W/O CAMPUS	12			
806584	10	E	8	71	53896	5.292	52.057	34.077163	-117.622804	.484	HV	1	4TH ST	16			
806585	10	W	8	71	53896	6.045	52.81	34.071138	-117.611829	.26	HV	1	VINEYARD	18			
806586	10	E	8	71	53896	6.257	53.022	34.069468	-117.608734	.688	HV	1	VINEYARD	20			
806606	10	W	8	71	53896	8.078	54.843	34.067681	-117.577307	.22	HV	1	HAVEN	25			
806611	10	W	8	71	53896	8.228	54.993	34.067676	-117.574695	2.575	HV	1	HAVEN LOOP	26			
806612	10	E	8	71	53896	8.22	54.985	34.067456	-117.574833	.218	HV	1	HAVEN	27			
806614	91	E	8	65	62000	13.064	50.408	33.906407	-117.456517	1.274	HV	1	TYLER	91			
806616	91	W	8	65	62000	13.011	50.441	33.906107	-117.457413	1.07	HV	1	TYLER	90			
806617	10	W	8	71	53896	7.788	54.553	34.067702	-117.582357	.632	HV	1	.5 MI E/O ARCHIBALD	24			
806674	91	E	8	65	16350	9.15	46.494	33.885934	-117.518393	1.239	ML	3	MCKINLEY LOOP ON	137			
806675	91	E	8	65	16350	9.15	46.494	33.885934	-117.518393		OR	1	MCKINLEY LOOP ON	137			
806676	91	E	8	65	16350	9.15	46.494	33.885934	-117.518393	1.239	HV	1	MCKINLEY LOOP ON	137			
806751	10	E	8	71	53896	7.292	54.057	34.067476	-117.591	.404	ML	4	ARCHIBALD	23			
806765	10	E	8	71	53896	7.292	54.057	34.067476	-117.591	.404	HV	1	ARCHIBALD	23			
806773	10	E	8	71	53896	6.98	53.745	34.067505	-117.596444	.517	HV	1	HOLT BLVD	22			
806774	10	E	8	71	53896	6.98	53.745	34.067505	-117.596444	.517	ML	4	HOLT BLVD	22			
806890	215	S	8	71	14890	4.1	41.407	34.06482	-117.296615	2.877	ML	3	.09 N/O I-10	7282160			
806933	10	W	8	71	81344	1.912	48.677	34.087372	-117.678335	.534	ML	4	.14 E/O Benson	7282161			
806934	10	W	8	71	81344	1.912	48.677	34.087372	-117.678335	.544	HV	1	750' E/o Benson	7282161			
806945	10	E	8	71	81344	2.937	49.702	34.087226	-117.660358	.604	HV	1	50' E/O SAN ANTONIO	8			
806952	10	W	8	71	81344	2.937	49.702	34.08742	-117.660375	.653	ML	4	.01 E/O San Antonio	7282162			
806953	10	W	8	71	81344	2.937	49.702	34.08742	-117.660375	.543	HV	1	50' E/O San Antonio	7282162			
806971	10	W	8	71	81344	4.009	50.774	34.087105	-117.641639	.81	ML	4	.01 W/O Campus	7282163			
806972	10	W	8	71	81344	4.009	50.774	34.087105	-117.641639	.833	HV	1	30' W/O Campus	7282163			
806991	10	W	8	71	53896	5.603	52.368	34.074804	-117.618146	.417	HV	1	2000' E/O 4th St	7282164			
806992	10	W	8	71	53896	5.603	52.368	34.074804	-117.618146	.44	ML	4	.38 E/O 4th St	7282164			
807011	10	E	8	71	53896	7.788	54.553	34.067452	-117.58236	.408	ML	4	.5 E/O Archibald	7282165			
807025	10	E	8	71	53896	7.788	54.553	34.067452	-117.58236	.408	HV	1	.5 Mi E/o Archibald	7282165			
807228	91	W	8	65	16350	4.21	41.64	33.880399	-117.60266	.918	HV	1	MAPLE	74			
807246	91	E	8	65	16350	9.23	46.574	33.886508	-117.517184	1.035	HV	1	MCKINLEY	84			
807270	91	W	8	65	62000	11.927	49.357	33.899702	-117.474495	.979	HV	1	LA SIERRA	88			
807271	91	E	8	65	62000	12.165	49.509	33.900773	-117.470486	.923	HV	1	LA SIERRA	89			
807272	91	W	8	65	62000	14.067	51.497	33.914763	-117.442219	1.277	HV	1	VAN BUREN	92			
807286	91	E	8	65	62000	14.714	52.058	33.919915	-117.432776	1.843	HV	1	600' E/O JACKSON	94			
807306	91	W	8	65	62000	15.565	52.995	33.926999	-117.4207	1.261	HV	1	ADAMS	96			
807345	91	E	8	65	62000	16.751	54.095	33.936564	-117.403479	3.518	HV	1	MADISON	100			
807491	91	W	8	65		R1.563	38.881	33.881515	-117.64937	.522	ML	4	.45 W/O RTE 71	7286170			
807492	91	W	8	65		R1.563	38.881	33.881515	-117.64937	1.579	HV	1	2400' W/O RTE 71	7286170			
807645	10	W	8	71	81344	3.342	50.107	34.087468	-117.653278	.304	HV	1	EUCLID	9			
807790	15	N	8	65	51560	45.93	100.423	33.942641	-117.555355	.502	ML	3	.25 N/O 6th ST.	7286175			
807797	15	N	8	65		46.68	101.173	33.952533	-117.550404	.75	ML	3	.25 N/O Santa Ana Rv	7286176			
807804	15	N	8	65		47.43	101.923	33.963182	-117.548717	1.27	ML	3	.75 S/O Limeonite	7286177			
807811	15	N	8	65		49.22	103.713	33.989044	-117.549521	1.195	ML	3	.25 N/O Limeonite ON	7286180			
807818	15	N	8	65		50.841	105.334	34.012446	-117.550091	1.178	ML	3	.4 S/O 15/60 IC	7286181			
807850	15	S	8	65	51560	44.694	99.177	33.92475	-117.556684	2.311	ML	3	.02 N/O 4th St.	7286183			
807897	15	S	8	65		48.08	102.563	33.972586	-117.549004	4.193	ML	3	SB Limeonite ONR	7286184			
807898	15	S	8	65		48.08	102.563	33.972586	-117.549004		OR	1	SB Limeonite ONR	7286184			
808131	15	N	8	71	53896	2	108.774	34.061786	-117.544797	1.001	ML	4	AT AIRPORT DR	7286186			
808210	15	N	8	65	51560	45.675	100.168	33.938958	-117.555693	.618	ML	3	6TH ST NB ONR	7286188			
808232	15	S	8	71	59451	5	111.764	34.10328	-117.536081	1.05	ML	4	FOOTHILL SB	7286189			
808254	15	S	8	71	59451	5.1	111.864	34.104298	-117.534863	2.12	ML	4	FOOTHILL LOOP SB	7286190			
808273	15	N	8	71	59451	5.2	111.974	34.105099	-117.533364	.949	ML	4	FOOTHILL NB	7286191			
808292	15	N	8	71	59451	6	112.774	34.113314	-117.523425	.928	ML	4	ETIWANDA/MILLER	7286192			
808325	15	S	8	71	59451	9.24	116.004	34.146975	-117.483396	2.276	ML	4	BASELINE SB	7286193			
808354	15	S	8	65		41	95.483	33.874775	-117.54559	.66	ML	4	.5 N/O MAGNOLIA	7286174			
808372	15	N	8	71	59451	9.42	116.194	34.148611	-117.480879	.598	ML	4	15 S/O SUMMIT	7286194			
808392	15	N	8	71	24680	10.5	117.274	34.159548	-117.467658	1.156	ML	4	DUNCAN CANYON	7286195			
808412	15	S	8	71		12.07	118.834	34.174712	-117.447638	3.709	ML	4	SIERRA	7286196			
808452	15	N	8	71		12.17	118.944	34.175282	-117.445776	1.15	ML	4	SIERRA NB	7286197			
808474	15	N	8	71		12.8	119.574	34.180958	-117.437227	.415	ML	4	LYTLE CREEK BRIDGE	7286198			
808512	15	N	8	71		13	119.774	34.183069	-117.434865	.435	ML	4	1.0 S/O GLEN HELEN	7286199			
808574	15	N	8	71		13.67	120.444	34.189763	-117.426335	.6	ML	3	GLEN HELEN PKWY	7286200			
808584	15	N	8	71		14.2	120.974	34.195059	-117.419623	2.765	ML	3	N/O GLEN HELEN PKWY	7286201			
808611	15	S	8	65	16350	41.813	96.296	33.885556	-117.550119	.638	ML	4	CORONA OC	7286202			
808616	15	S	8	65		41.015	95.498	33.875016	-117.545645	.229	ML	3	JCT 15/91	7286203			
808622	15	N	8	65	16350	41.813	96.306	33.885735	-117.549836	1.116	ML	4	PARKRIDGE	7286204			
808631	15	S	8	65	16350	41.458	95.941	33.881192	-117.54713	.399	ML	4	PARKRIDGE OC	7286205			
808670	15	S	8	65		39.431	93.914	33.854163	-117.535583	.227	ML	4	N/O OLD TEMESCAL	7286207			
808690	15	S	8	65		39.693	94.176	33.857914	-117.536136	.784	ML	4	OLD TEMESCAL RD	7286208			
808808	15	S	8	65		39.239	93.722	33.851494	-117.534879	2.596	ML	4	0.4 N/O ONTARIO AVE.	7282166			
808889	15	N	8	65		49.82	104.313	33.997676	-117.550133	.315	ML	3	1.0 N/O BELLGRAVE				
808909	15	N	8	65		49.85	104.343	33.99811	-117.550128	.511	ML	3	1.0 S/O 15/60 IC				
808916	15	N	8	65		52.207	106.7	34.032399	-117.550037	.783	ML	5	PHILADELPHIA OC				
808945	60	W	8	65	62000	13.392	53.513	33.942498	-117.277554	2.888	ML	2	DAY	57			
808969	210	W	8	71	81344	6.8	59.239	34.13609	-117.577842	1.05	ML	3	W/B HAVEN ONR	7286210			
808988	210	E	8	71	81344	7	59.439	34.136045	-117.574367	.7	HV	1	E/B HAVEN ONR	7286211			
808993	210	E	8	71	81344	7.4	59.839	34.136384	-117.567407	.5	ML	3	.5 W/O MILLIKEN	7286209			
808994	210	E	8	71	81344	7.4	59.839	34.136384	-117.567407	.5	HV	1	.5 M W/O MILLIKEN	7286209			
808998	210	W	8	71	81344	7.8	60.239	34.13678	-117.560431	1	ML	3	W/B MILLIKEN ONR	7286212			
809011	210	W	8	71	81344	7.8	60.239	34.13678	-117.560431	1	HV	1	W/B MILLIKEN ONR	7286212			
809012	210	W	8	71	81344	7.8	60.239	34.13678	-117.560431		OR	2	W/B MILLIKEN ONR	7286212			
809021	210	E	8	71	81344	7	59.439	34.136045	-117.574367		OR	2	E/B HAVEN ONR	7286211			
809022	210	E	8	71	81344	7	59.439	34.136045	-117.574367	.7	ML	3	E/B HAVEN ONR	7286211			
809036	210	E	8	71	81344	8	60.439	34.136461	-117.556942	.65	ML	3	E/B MILLIKEN ONR	7286213			
809037	210	E	8	71	81344	8	60.439	34.136461	-117.556942		OR	2	E/B MILLIKEN ONR	7286213			
809038	210	E	8	71	81344	8	60.439	34.136461	-117.556942	.65	HV	1	E/B MILLIKEN ONR	7286213			
809047	210	W	8	71	81344	6.8	59.239	34.13609	-117.577842		OR	2	W/B HAVEN ONR	7286210			
809048	210	W	8	71	81344	6.8	59.239	34.13609	-117.577842	1.05	HV	1	W/B HAVEN ONR	7286210			
809070	210	E	8	71	59451	8.7	61.139	34.136398	-117.544728	.7	ML	3	.75 E/O MILLIKEN	7286214			
809071	210	E	8	71	59451	8.7	61.139	34.136398	-117.544728	.7	HV	1	.75 M E/O MILLIKEN	7286214			
809098	210	W	8	71	59451	8.8	61.239	34.13666	-117.542984	3	HV	1	W/B DAY CREEK ONR	7286215			
809099	210	W	8	71	59451	8.8	61.239	34.13666	-117.542984		OR	2	W/B DAY CREEK ONR	7286215			
809100	210	W	8	71	59451	8.8	61.239	34.13666	-117.542984	2.174	ML	3	W/B DAY CREEK ONR	7286215			
809115	210	E	8	71	59451	9.4	61.839	34.136302	-117.532518	.65	HV	1	E/B DAY CREEK ONR	7286216			
809116	210	E	8	71	59451	9.4	61.839	34.136302	-117.532518		OR	2	E/B DAY CREEK ONR	7286216			
809117	210	E	8	71	59451	9.4	61.839	34.136302	-117.532518	.65	ML	3	E/B DAY CREEK ONR	7286216			
809125	210	E	8	71	59451	10	62.439	34.136243	-117.52205	2.8	HV	1	.6M E/O DAY CREEK	7286217			
809126	210	E	8	71	59451	10	62.439	34.136243	-117.52205	.863	ML	3	.6 E/O DAY CREEK	7286217			
809171	210	E	8	71	81344	5.1	57.539	34.134954	-117.607455	.65	HV	1	.4M E/O CARNELIAN	7286218			
809187	210	W	8	71	81344	5.7	58.139	34.135225	-117.596997	1.15	HV	1	W/B ARCHIBALD ONR	7286219			
809188	210	W	8	71	81344	5.7	58.139	34.135225	-117.596997	1.15	ML	3	W/B ARCHIBALD ONR	7286219			
809189	210	W	8	71	81344	5.7	58.139	34.135225	-117.596997		OR	2	W/B ARCHIBALD ONR	7286219			
809201	210	E	8	71	81344	6	58.439	34.135048	-117.591753	.95	HV	1	E/B ARCHIBALD ONR	7286220			
809202	210	E	8	71	81344	6	58.439	34.135048	-117.591753	1.15	ML	3	E/B ARCHIBALD ONR	7286220			
809203	210	E	8	71	81344	6	58.439	34.135048	-117.591753		OR	2	E/B ARCHIBALD ONR	7286220			
809210	210	E	8	71	13756	2.8	55.239	34.134814	-117.647585	.55	HV	1	.5 M W/O CAMPUS	7286221			
809236	210	W	8	71	13756	R3.3	55.739	34.135077	-117.638878	1.55	HV	1	W/B CAMPUS	7286222			
809237	210	W	8	71	13756	R3.3	55.739	34.135077	-117.638878		OR	2	W/B CAMPUS ONR	7286222			
809238	210	W	8	71	13756	R3.3	55.739	34.135077	-117.638878	1.55	ML	3	W/B CAMPUS	7286222			
809250	210	E	8	71	81344	3.6	56.039	34.134867	-117.633626	.65	HV	1	E/B CAMPUS	7286223			
809251	210	E	8	71	81344	3.6	56.039	34.134867	-117.633626		OR	2	E/B CAMPUS ONR	7286223			
809252	210	E	8	71	81344	4.1	56.539	34.134923	-117.624903	.55	ML	3	E/B CAMPUS	7286223			
809258	210	E	8	71	81344	4.1	56.539	34.134923	-117.624903	.55	HV	1	.5 M E/O CAMPUS	7286224			
809259	210	E	8	71	81344	3.6	56.039	34.134867	-117.633626	.8	ML	3	.5 E/O CAMPUS	7286224			
809271	210	W	8	71	81344	4.5	56.939	34.135159	-117.617941	1.2	HV	1	W/B CARNELIAN	7286225			
809272	210	W	8	71	81344	4.5	56.939	34.135159	-117.617941		OR	2	W/B CARNELIAN ONR	7286225			
809273	210	W	8	71	81344	4.5	56.939	34.135159	-117.617941	1.2	ML	3	W/B CARNELIAN	7286225			
809285	210	E	8	71	81344	R4.7	57.139	34.13488	-117.614434	.5	HV	1	E/B CARNELIAN	7286226			
809286	210	E	8	71	81344	R4.7	57.139	34.13488	-117.614434		OR	2	E/B CARNELIAN ONR	7286226			
809287	210	E	8	71	81344	R4.7	57.139	34.13488	-117.614434	.95	ML	3	E/B CARNELIAN	7286226			
809293	210	E	8	71	13756	.1	52.539	34.124085	-117.691242	.239	HV	1	.1 M E/O CO LINE	7286227			
809294	210	E	8	71	13756	.1	52.539	34.124085	-117.691242	.239	ML	3	.1 E/O CO LINE	7286227			
809300	210	E	8	71	13756	.5	52.939	34.128716	-117.68609	.45	HV	1	.5 M E/O COUNTY LINE	7286228			
809301	210	E	8	71	13756	.5	52.939	34.128716	-117.68609	.45	ML	3	.5 E/O COUNTY LINE	7286228			
809307	210	E	8	71	13756	1	53.439	34.133268	-117.678724	.55	HV	1	1 M E/O CO LINE	7286229			
809308	210	E	8	71	13756	1	53.439	34.133268	-117.678724	.55	ML	3	1 E/O CO LINE	7286229			
809320	210	W	8	71	13756	1.4	53.839	34.13449	-117.671995	2.289	HV	1	W/B MOUNTAIN AVE	7286230			
809321	210	W	8	71	13756	1.4	53.839	34.13449	-117.671995		OR	2	W/B MOUNTAIN AVE	7286230			
809322	210	W	8	71	13756	1.4	53.839	34.13449	-117.671995	2.289	ML	3	W/B MOUNTAIN AVE	7286230			
809334	210	E	8	71	13756	1.6	54.039	34.134363	-117.668476	.5	HV	1	E/B MOUNTAIN AVE	7286231			
809335	210	E	8	71	13756	1.6	54.039	34.134363	-117.668476		OR	2	E/B MOUNTAIN AVE ONR	7286231			
809336	210	E	8	71	13756	1.6	54.039	34.134363	-117.668476	.5	ML	3	E/B MOUNTAIN AVE	7286231			
809342	210	E	8	71	13756	2	54.439	34.134219	-117.661517	.45	HV	1	.4 M E/O MOUNTAIN	7286232			
809343	210	E	8	71	13756	2	54.439	34.134219	-117.661517	.45	ML	3	.4 E/O MOUNTAIN	7286232			
809349	210	E	8	71	13756	2.5	54.939	34.134701	-117.652818	.4	HV	1	.9 M E/O MOUNTAIN	7286233			
809350	210	E	8	71	13756	2.5	54.939	34.134701	-117.652818	.8	ML	3	.9 E/O MOUNTAIN	7286233			
809477	15	S	8	71	53896	3	109.764	34.076309	-117.545031		OR	2	4TH  ST SB LOOP ONR				
809485	15	S	8	71	53896	3	109.764	34.076309	-117.545031	2.088	ML	4	4TH  ST SB LOOP ONR				
809497	15	N	8	71	59451	3.2	109.974	34.079216	-117.544634		OR	2	4TH ST NB ONR				
809498	15	N	8	71	59451	3.2	109.974	34.079216	-117.544634	1.05	ML	4	4TH ST NB ONR				
809629	10	E	8	71	53896	5.292	52.057	34.077163	-117.622804		OR	1	4TH ST	16			
809785	10	W	8	71	81344	3.342	50.107	34.087468	-117.653278		OR	1	EUCLID	9			
809925	60	E	8	71	13210	.38	30.977	34.0259	-117.723013	.727	HV	1	END AVE				
809952	60	E	8	71	13210	1.08	31.677	34.02986	-117.711844	1.28	ML	4	PIPELINE				
809953	60	E	8	71	13210	1.08	31.677	34.02986	-117.711844	.543	HV	1	PIPELINE				
809960	60	W	8	71	13210	2.79	33.387	34.030448	-117.682103	.628	ML	4	BENSON				
809961	60	W	8	71	13210	2.79	33.387	34.030448	-117.682103	.631	HV	1	BENSON				
809968	60	E	8	71	13210	3.99	34.587	34.030289	-117.661169	.494	ML	4	SAN ANTONIO				
809969	60	E	8	71	13210	3.99	34.587	34.030289	-117.661169	.496	HV	1	SAN ANTONIO				
809977	60	E	8	71	53896	5.29	35.887	34.030369	-117.638482	.629	ML	4	CAMPUS				
809978	60	E	8	71	53896	5.29	35.887	34.030369	-117.638482	.636	HV	1	CAMPUS				
809987	60	E	8	71	53896	8.33	38.927	34.03051	-117.585573	.501	HV	1	DEER CREEK				
810110	91	E	8	65	62000	19.39	56.734	33.965736	-117.377319	.772	ML	4	91@Pachappa Dr. IDS				
810117	15	N	8	71	59451	7.056	113.83	34.124173	-117.510215	1.325	ML	4	15 N/O BASELINE IDS				
810124	15	N	8	71	59451	8.66	115.434	34.140866	-117.490222	.385	ML	4	S/O 15/210 IC				
810131	15	N	8	71	59451	8.65	115.424	34.140762	-117.490347	.802	ML	4	N/O 15/210 IC				
810142	15	S	8	71	24680	9.651	116.415	34.151077	-117.478415		OR	1	15@SUMMIT SB				
810143	15	S	8	71	24680	9.651	116.415	34.151077	-117.478415	1.415	ML	4	15@SUMMIT SB				
810152	15	N	8	71	24680	9.857	116.631	34.153033	-117.475525		OR	1	15@SUMMIT NB				
810165	15	N	8	71	24680	9.857	116.631	34.153033	-117.475525	.54	ML	4	15@SUMMIT NB				
810190	15	N	8	71	59451	4.101	110.875	34.09224	-117.5437	.999	ML	4	15 N/O FOURTH ST				
810210	210	E	8	71	59451	11.125	63.564	34.136204	-117.502369	.831	ML	4	.5 E/O CHERRY IDS				
810230	210	W	8	71	24680	13.16	65.599	34.136825	-117.466807	2.203	ML	4	.5 W/O CITRUS IDS				
810244	210	E	8	71	24680	11.663	64.102	34.13621	-117.492893		OR	2	210@CHERRY				
810245	210	E	8	71	24680	11.663	64.102	34.13621	-117.492893	.321	ML	4	210@CHERRY				
810258	210	W	8	71	24680	12.148	64.587	34.136485	-117.484369		OR	2	210@CHERRY RMS				
810259	210	W	8	71	24680	12.148	64.587	34.136485	-117.484369	1.746	ML	4	210@CHERRY RMS				
810266	210	W	8	71	24680	12.291	64.73	34.136499	-117.481887	.506	ML	4	210 W/B 15 IC IDS				
810273	210	E	8	71	24680	11.94	64.379	34.136208	-117.487983	2.587	ML	4	.25 E/O 210/15 IC				
810280	210	E	8	71	24680	11.766	64.205	34.13623	-117.491062	.138	ML	4	.5 E/O 15/210 IC				
810315	60	E	8	65	49270	16.602	56.723	33.939193	-117.222169		OR	2	PERRIS EB ONR				
810316	60	E	8	65	49270	16.602	56.723	33.939193	-117.222169	3.053	ML	2	PERRIS EB ONR				
810345	10	E	8	71	53896	8.543	55.308	34.067404	-117.569207	2.661	HV	1	2000' E/O HAVEN	29			
810369	60	E	8	65	49270	14.509	54.63	33.940779	-117.258321	1.024	HV	1	PIGEON PASS	61			
810370	60	E	8	65	62000	13.447	53.568	33.942128	-117.276661	2.287	HV	1	DAY	58			
810371	60	E	8	65	49270	16.602	56.723	33.939193	-117.222169	3.053	HV	1	PERRIS EB ONR				
810372	60	E	8	65	49270	15.495	55.616	33.941022	-117.241174	1.046	HV	1	HEACOCK	63			
810373	60	W	8	65	49270	14.412	54.533	33.940948	-117.259999	.499	HV	1	PIGEON PASS  LOOP	60			
810379	60	W	8	65	62000	14.168	54.289	33.940876	-117.264242	.51	HV	1	PIGEON PASS	59			
810380	60	W	8	65	62000	13.392	53.513	33.942498	-117.277554	2.888	HV	1	DAY	57			
810381	60	W	8	65	49270	15.166	55.287	33.941149	-117.246877	.892	HV	1	HEACOCK	62			
810382	60	W	8	65	49270	16.195	56.316	33.94038	-117.229089	3.014	HV	1	PERRIS	64			
